100
83 184 7989 9001 8068 774 3128 9860 5925 8305 6290 5873 7721 1942 1395 7527 193 5987 3505 444 4003 3002 849 8120 2674 4730 2071 9301 8348 6710 9704 1903 7803 937 8606 4014 9704 5044 7385 7271 9938 9499 9239 1833 6958 7068 9336 8756 1867 8587 295 838 7646 989 7163 8588 4818 1795 6182 7494 5081 1715 7952 125 9305 2993 271 8958 2645 9126 9105 3409 7995 9791 1754 9494 4361 2766 6480 2980 8812 521 7206 8242
65 6289 2886 8954 8984 8751 5695 6001 9134 876 980 5678 212 1229 241 1396 704 1689 7722 8577 5724 1748 361 2556 3502 3085 7400 2629 7507 6644 9373 9332 8183 1101 120 7802 6257 2549 1051 1324 2361 6689 1770 4874 7396 9032 4953 7545 122 2291 3318 2550 2040 7124 8304 3677 2461 4409 9450 4977 3892 4274 4453 6958 3527 5939
85 8252 1015 6654 6793 6964 7854 5206 5122 4106 7791 5293 7000 1015 5904 1570 7453 8072 543 7350 890 195 8138 7598 6809 3765 1123 654 8376 9512 6678 7953 2154 4789 9175 4302 4310 7181 8971 6969 3820 4410 2130 1815 8908 3470 1720 1110 4595 2386 5414 2974 8850 4512 6849 7508 4200 5504 2119 9547 7893 9538 5208 1860 8918 3374 86 9008 7877 5656 424 3909 9992 8947 6695 3965 5549 4810 8490 7603 5752 393 803 3444 6836 9430
75 4828 6000 990 429 5593 8277 9611 4156 9753 4595 8821 8030 5532 8545 3355 2468 6746 7486 4917 4665 8430 5028 1403 7631 3717 1257 2389 622 4337 1062 4750 971 5996 523 4378 4968 5213 3499 4145 172 8044 5066 6373 5739 792 9189 5235 2778 7996 151 5255 3876 3797 958 3961 8213 4430 1075 2327 3867 7883 9579 4162 5882 6173 2571 9406 589 7982 8053 532 5452 7196 4544 1013
99 3914 5438 9701 8165 474 106 96 4109 1757 9334 8825 8994 4509 6897 9061 2771 2712 6737 5875 908 5649 6870 616 8031 3792 5814 1827 2113 4286 4719 3008 2586 7661 9513 8641 4484 7378 799 3263 1873 9463 4317 7519 3099 8914 8507 3126 4814 6732 611 4058 4174 3161 3045 3897 3664 3871 9949 1447 1787 989 2048 2432 8288 7967 5683 1407 7377 964 6111 5756 4067 9221 8337 4796 2339 4143 3490 9115 9437 9401 867 313 2366 8717 5727 8573 4486 9164 1224 5736 9968 6945 1962 6460 3358 4560 5545 3938
77 5315 4141 4936 9056 9079 3918 95 1092 459 6737 4411 1370 7458 7899 1903 8552 7170 6074 9047 7742 4905 8191 9585 8441 9565 8579 8847 1012 7665 6015 6221 8588 2187 3460 8769 4143 6687 2507 198 8328 5943 1093 5379 4527 1484 151 437 6798 103 4152 7753 1317 8955 7237 3160 4678 5276 7940 3761 9891 4798 1084 5363 6544 3813 6675 2453 7122 8675 208 6481 8335 8872 9022 3864 831 6262
85 8912 1685 5750 8995 1678 1183 6994 6600 9504 5058 5002 7108 7193 9107 4625 7954 93 1861 7263 772 9193 3712 2587 3432 3359 5865 1593 5142 5077 4329 8469 9838 5247 3773 2982 9599 6014 343 7116 2983 7789 9124 6564 3511 3913 7675 2567 3814 4874 9975 6797 5115 9382 6875 550 3947 4630 9981 6235 5142 8607 3089 8455 6000 155 7281 3628 5047 4200 3166 1278 7858 4537 3764 4577 9719 2048 7687 4229 1991 817 2076 8761 5940 793
63 5121 8018 4667 7372 2451 369 4385 6215 6191 2767 3479 9134 1358 1955 6087 6539 8838 1314 6601 9276 1105 7364 4288 821 868 6709 4896 4086 6286 3068 8945 4986 3677 2521 974 789 9751 5204 7860 7365 3860 8944 153 1181 5816 7330 8633 3347 8059 7287 4430 2731 687 5339 4192 4206 5984 3478 1586 6681 7094 1127 5036
75 4336 8073 1944 6232 7094 4353 9256 8364 5633 4159 3402 992 1026 7357 858 1939 8911 4945 662 1896 3202 7972 4810 8282 2058 5108 7564 7478 4477 557 5341 3203 7079 6113 1037 3144 4601 9191 1621 1978 1350 3238 9302 7781 6103 3723 5576 8724 8081 5234 6877 134 6202 5918 400 5318 2174 2960 3706 2247 9763 8088 2399 8626 4451 7168 806 7350 9152 8256 3244 8410 1166 5103 6020
87 2059 7231 8193 3459 4483 2229 6049 6120 5798 239 7585 8369 6684 5798 8969 5699 1001 2388 6106 6828 5935 3333 2724 3060 3703 2311 6478 6440 9993 9577 8925 5582 9853 7915 6848 5770 5155 5887 2994 4174 3226 1807 8429 7557 8555 5925 3350 9119 9411 2139 3666 721 7926 8267 9647 3667 9930 5647 4421 8359 2560 3243 9642 6823 5710 6320 3303 5175 270 1359 7203 2734 5585 9129 2687 8338 2134 8452 2928 9047 8588 3671 6703 8660 2727 4787 9051
75 8145 2983 6149 3692 1027 2510 1923 1209 8889 5754 4785 1534 9012 4606 7323 3817 537 7640 5613 1829 5237 3529 2870 3313 7607 8840 8051 4246 4771 5916 1557 3319 4120 6075 5051 2255 3680 7902 6472 3972 2871 1888 69 9596 1240 2172 5008 5233 3774 5562 2162 3850 1407 6796 2920 8828 8249 8226 5792 3429 9467 9430 8253 7556 3848 6122 7481 4099 6708 4383 3172 3850 9855 512 9369
83 8333 8431 9720 7789 4745 8060 5831 7200 3047 5534 1536 719 2461 3631 950 7716 4551 699 9515 1220 473 7269 1039 172 6309 1745 6605 9728 7943 2882 9067 4476 5995 4811 9639 8681 2539 1987 7415 597 821 1688 7443 3146 8856 4538 9143 6747 4818 5428 8575 4063 5633 6427 5145 3648 5191 5583 7859 6975 1332 9779 4005 5219 4044 6621 9950 430 8959 1153 9420 9557 1056 7578 6063 4796 9686 4883 2750 1489 9294 1977 4235
91 9935 3784 777 4570 1523 9641 357 9249 6970 6102 2870 6052 5820 9312 5074 6468 8730 7693 3541 1245 9480 714 1019 8288 3049 26 5565 2363 7836 7197 9062 5239 4959 6166 7375 7909 4010 5316 9967 4642 9642 6306 9390 9926 1473 8106 1338 3941 8906 1723 1414 9826 7594 716 2045 8130 8332 1712 4214 2348 2255 9676 4357 3567 3021 6525 6949 1947 1860 8634 5881 2162 5859 780 6149 5824 9641 3687 7155 5020 1172 4538 9781 4993 12 8241 6281 6282 3418 9782 5284
85 3019 7704 602 9924 8917 4894 8203 7900 3949 7912 4653 3723 5586 7367 9185 3096 730 888 5796 3394 5102 3422 1670 9000 4638 1828 4614 1107 4693 7543 3157 2869 5719 5214 518 4257 6079 6151 4824 4444 8627 3501 7013 3652 6640 4503 5233 9539 7076 5354 482 5267 4875 2751 3655 4783 8291 5601 9541 788 698 553 9563 1530 9591 9398 7677 7524 9255 1954 3379 7428 2874 4580 3322 5484 9332 389 6879 835 9432 2337 10000 2598 1584
69 6022 8542 4917 7047 7511 6544 2356 7149 5408 6913 8720 1459 9296 4684 3588 1352 2995 7069 9546 4450 1436 4229 1107 7610 9574 6944 2403 5527 2486 6567 2663 5332 1646 4556 460 5364 951 9573 9665 703 2307 9397 2571 7353 4028 5324 9575 1322 6505 1175 5898 7890 6519 3146 6264 4323 5613 1773 2292 4110 8773 834 3582 9078 9147 6254 5538 5921 7309
77 8127 4909 9498 8871 3184 8861 3021 6396 2579 8667 3330 8251 9976 1744 7987 8154 5944 3331 9536 8780 8349 8470 4710 3739 404 6463 88 1108 6506 6280 6597 7937 5200 6551 3059 9907 3906 8034 2489 1477 9293 5872 4833 522 2730 7872 599 6463 790 3812 4648 2263 2153 8848 1210 3322 6911 7027 2784 9884 5393 8754 7209 9060 810 1464 5487 1791 6701 8236 4747 5432 963 1128 3991 2328 1782
77 9733 7408 4063 1867 8887 1986 4282 5230 483 8578 7942 2524 5437 6614 6373 4733 2023 6540 1273 7438 4937 2136 4497 5733 8678 9381 182 1990 5275 9013 8314 489 2767 1769 8442 3633 1098 75 5125 1523 7362 6295 6381 7129 1418 8326 3231 889 5453 2735 1060 8367 6902 126 5439 5404 77 6136 6485 9330 8734 7639 8291 4539 6825 6273 4397 5852 4964 782 8383 2491 4940 9540 6683 7556 6418
97 1296 5013 7696 8697 5768 4671 9123 6434 5165 7116 4774 2004 5687 8437 4545 680 1843 8588 3065 8421 5972 8128 4401 9041 5399 9121 9500 2358 2800 7041 4368 4619 6158 4684 7026 6393 5073 5581 3439 1094 4483 2917 4823 9416 3661 5220 7362 8226 1670 5856 6989 6670 7901 481 9728 9612 8691 596 4335 4457 1878 4121 8186 2412 269 1386 8436 4733 11 3513 4104 6333 9548 5408 4987 9501 5466 7599 2668 3877 3322 8406 5068 2224 6227 9308 5273 2934 7009 259 6381 6600 4660 4907 8090 6978 1971
83 2841 6842 199 5635 3887 7463 665 5363 5266 4955 2648 2717 689 3008 4392 9737 339 5793 9282 9481 5390 5815 6342 1048 1974 7176 1535 7178 8500 2517 186 7450 4948 4048 1717 2566 8151 8213 1047 6455 403 5610 3310 5577 9989 4690 9568 4099 3785 548 6910 432 8605 7293 8238 5201 9725 1252 7924 1706 4975 6665 2444 5577 5392 9502 4534 3035 5852 7384 5586 3047 8434 1260 1577 7961 4411 4387 2882 8186 9479 7275 4652
63 330 3166 3175 4617 6105 9107 7172 8742 2114 2509 2744 4719 7828 9915 7317 1250 3485 1213 2309 4418 2314 5255 1324 2397 61 7507 7817 7538 1017 165 2375 3517 8840 2443 4624 3623 1481 1090 5004 377 4094 9224 4199 1605 5743 5376 7976 8736 4752 3464 2338 3371 1452 5643 8974 7396 1361 8547 4197 147 7426 7534 521
81 3472 5932 9336 6551 419 907 934 623 2059 7122 3214 7553 3540 5966 8498 6173 3749 6250 6227 6332 7897 3765 2024 1537 7491 9035 1716 5227 4900 9142 5251 8782 4004 3391 7829 5166 5381 7493 6566 4599 4759 3401 1020 2789 4488 4435 9592 2093 9503 3189 4823 9173 4391 4843 5618 3791 9932 7645 6513 2966 2137 8119 9131 7701 1385 465 1258 1537 9596 9173 7663 6655 4394 5928 537 6413 7691 1120 9123 5174 6241
65 1407 9983 6012 9196 4714 1513 2 8692 9995 6243 8193 2339 3037 8009 4359 7602 3516 5332 9530 2636 4597 9188 8351 2557 1831 86 7504 7344 7089 8371 727 7045 3962 3267 6369 6296 2571 6924 154 4877 6742 6601 2514 9690 8665 1500 1889 2395 6336 984 1356 5615 2264 8446 2791 2898 5797 4342 3815 949 2540 8238 9771 6287 8706
61 5970 5490 9166 3576 3053 9621 4362 2098 3985 4467 2271 5968 9656 588 1995 5739 6872 7347 5694 120 318 4129 9265 4865 8607 7879 2218 2569 9610 115 3565 2928 3282 7092 478 7110 5317 9810 8876 6711 4755 2034 3418 473 7591 2943 1807 8390 1942 3973 4327 7751 2426 4144 4025 8218 1546 4712 6153 2737 1660
69 4200 908 716 6582 9483 9889 8614 7120 1383 5838 1906 3864 4249 3974 6531 8538 7243 7056 1266 4163 5485 8958 8031 2932 2353 9098 9594 8222 8632 3637 5176 3165 5711 9406 4286 941 2123 8407 6623 8617 2652 7332 8424 4080 1873 893 2798 2439 6493 6698 5057 5640 9082 6164 7236 2507 2927 9534 4120 6180 5130 635 1122 7434 7499 196 4599 5304 7387
59 8375 8786 8319 6809 1309 7444 6166 4730 3939 7370 5013 9726 4991 9251 2062 3995 8334 4537 7655 3756 6933 1413 7791 5119 2565 1369 2077 3093 6146 6658 6539 985 8015 4008 8941 2264 802 600 5260 9930 3375 9307 4626 3381 4301 307 5733 4545 9712 1781 2354 3528 1430 8561 1537 1751 1202 8678 9433
71 7462 7136 1251 3668 9909 8422 7036 9079 345 7299 4489 4056 9270 2169 6286 320 6689 5538 9724 9783 2694 2370 3338 8579 1146 5079 7696 7671 679 8029 7342 5098 1979 6206 7937 9631 7176 7124 1263 781 9988 352 1759 1559 7739 8860 8357 298 6232 6327 5579 2933 3569 2206 2887 7323 8696 4922 579 1883 9017 10 5546 823 5144 5831 2608 2864 7580 4589 4585
67 8009 5611 7225 3347 414 6723 3810 7088 3926 6621 1221 1237 538 5374 1659 8490 6997 5563 3481 4660 4707 3600 5505 8305 9648 6009 4613 7434 4582 321 1696 1494 8680 3627 4650 2890 5125 304 5533 3101 7388 4094 779 3643 8539 778 8771 5998 3730 3794 6643 4220 7168 1583 7547 5827 5129 5 5571 9290 3369 457 2145 2269 4393 4011 379
69 5845 5795 9482 2699 6259 7613 1687 4266 1453 1077 8647 9535 8777 9308 7929 2343 5384 1041 2614 8016 1085 6000 3082 1223 1818 2756 464 5388 8730 1684 4443 7105 2340 2154 3125 9420 8059 3936 3378 2899 3959 9225 2965 1295 8078 4964 6867 6300 1647 8214 4340 574 4109 2275 4317 6790 9056 660 20 550 3335 9923 7278 2732 8002 9627 7485 7003 424
77 7293 4744 7290 6415 3204 4781 3118 932 4351 6886 3605 9909 9057 4755 141 3123 6431 3678 9351 4402 7924 108 8201 7203 5913 9450 6944 9056 9921 5944 8022 4882 4214 647 7493 5514 3546 4069 4330 5269 6895 4434 9825 3938 4477 524 3020 3480 7662 3090 440 8394 8563 7996 3042 8398 3655 3947 73 8462 276 7692 7151 8987 1875 254 9713 7969 2543 2540 2990 6644 2148 1725 9613 4359 1564
81 4779 3756 3816 8853 2570 5015 9670 1996 7641 9466 6022 2547 632 4537 3344 3936 8740 5698 2932 3581 396 1466 6921 989 7582 3935 1872 287 3265 5224 2047 4798 1763 5425 887 2135 42 3813 14 1764 9721 5596 2892 2790 5204 2434 5790 6635 349 1767 859 8277 3182 5269 1996 1056 3067 7723 4276 2334 1257 4570 7405 5768 3703 1233 9308 1458 7988 4440 3267 6865 2118 64 8563 8461 1306 7339 4261 4702 855
79 1500 5429 2963 5722 7502 3329 2597 6972 4150 3776 5422 4122 6088 2194 7979 4628 8930 5572 9214 8179 5012 3840 7215 1418 8599 7144 4460 1624 2208 9163 8625 7107 5684 5130 4429 7059 9474 2233 5547 4946 5158 4622 3849 3193 2253 3715 3030 1542 2840 1100 2430 2810 5681 7267 9024 4916 2449 3197 2091 9453 3655 6334 4791 8692 6825 3773 5171 3687 1001 8115 1299 2197 9300 4826 1069 4390 783 3800 7591
73 24 6916 3500 4832 7589 7190 7117 6194 5361 7669 6748 5232 4109 3074 6920 9555 8008 8788 7604 5475 9634 3879 9859 1578 1340 7334 4270 648 9343 6330 9235 7520 7747 2698 6658 4614 7582 1442 2160 8029 481 5556 8932 1069 472 6542 2922 7238 7560 5751 7174 820 1821 2919 6506 5882 8944 1172 2487 2385 7664 9943 7434 727 6042 2951 3611 6658 7058 595 3765 6557 4265
83 1199 1592 2682 592 3598 8994 9571 5914 3915 2512 3104 7220 2406 6486 7015 7792 8514 7373 3336 8051 2453 8535 926 3507 5028 6139 3921 2714 160 9602 4437 697 3941 284 4986 9116 9476 3531 955 6808 5693 583 8086 1619 3008 1681 5656 2901 3199 4408 1174 8291 5854 4041 2585 2846 6974 5902 8039 3509 5288 636 4364 4297 3121 6782 5439 8470 9963 2129 9837 2711 1225 9611 7300 8050 4656 242 5354 6071 7403 1012 9459
79 9077 2937 3828 5625 8810 6605 5525 1972 8192 7984 4642 3194 2978 1796 5328 4373 651 3796 1224 2552 8462 1541 3698 3245 3122 4727 3287 7976 5253 9655 7802 5482 5361 7647 2292 9945 3883 1855 1699 3134 5360 3750 9300 7061 6751 2257 2527 7610 2900 1576 5344 9689 1072 9354 8855 9805 9757 8175 1533 3515 9581 3085 2039 5201 2266 9139 3913 8118 3909 1535 8102 4241 8439 7036 4889 59 3839 6016 9894
65 2132 9338 1771 3500 5444 2412 1946 8522 889 6230 6567 8931 8825 3631 3566 9282 4337 9048 3587 8012 8985 7714 3323 5150 6591 2184 3372 3475 2154 9420 9690 9660 6490 2937 166 4322 3071 6380 7481 6089 9843 4260 5590 8108 7566 7475 6074 8856 5865 3732 2415 9182 6701 3877 9950 5839 6707 2567 6201 5731 834 7151 9475 2452 4334
99 9114 1660 3434 8856 4760 9883 4900 3320 9016 6077 3957 5184 9476 3863 5858 9206 1736 4269 7873 669 9779 6018 4513 9363 1530 277 3580 3178 2656 351 7741 8187 1973 3207 9393 3304 4430 2040 2978 9971 7960 8972 6755 9780 2695 7912 8967 7920 5583 4920 8136 3474 6428 476 5547 6181 3160 1440 7105 1458 2246 1513 1625 5869 2204 9433 9137 6610 144 3253 2134 7256 5347 1497 2613 1026 3063 4853 8329 2342 9504 2568 6792 6976 5471 1983 5085 1974 6634 728 1325 4028 5009 7152 2182 7893 2351 436 829
81 799 806 8136 2264 9896 6078 9380 8631 2797 8245 9865 6765 5498 7773 4132 6670 7195 1490 525 2581 9539 8576 7975 4978 4479 1917 4081 3310 8493 6950 7019 927 5086 3277 9691 7205 2135 6160 944 5144 6245 8724 4358 4374 3433 975 7912 3142 9242 4559 6342 7017 6451 282 2544 8230 7697 3198 425 3480 6431 458 2793 7454 6585 2262 5266 7374 9060 7509 3544 9133 7058 7862 5288 8144 7866 3362 8781 3104 502
99 8878 4149 2221 6387 6293 8529 5624 7515 9300 3179 142 7905 5386 8847 4301 6544 5805 1703 2193 4500 582 4319 2103 5129 3353 696 7120 5653 1696 1232 5625 8398 4881 5268 1975 4694 8995 8852 7402 9680 1371 9323 6746 7720 1954 3884 7063 510 9138 2317 6450 3212 4477 5137 4872 7907 7966 4734 8068 3436 6636 3119 1077 98 7326 1380 60 3634 5343 4938 3003 8623 4696 2392 7501 6771 2346 9431 4083 5915 9973 5312 6372 36 181 2594 6643 4007 5164 2276 1120 9164 6398 6767 5098 561 1733 6032 8562
89 3986 6118 8137 8705 3493 684 2420 2028 2998 3203 7968 1247 4895 3225 1116 2281 8446 759 1611 7613 6316 4246 6065 6655 2123 9048 4182 2435 5779 5000 8702 1816 7585 8384 1281 5516 2557 709 9296 3306 6728 1787 5227 4795 7056 7298 8388 6097 4864 5003 6956 8660 6718 7251 2616 883 8986 6765 4816 6645 3438 5845 9129 6980 9137 8697 9236 6551 5830 8204 4948 9488 8513 134 5629 9748 9052 3969 1325 2875 2390 2018 3153 8747 3618 7466 438 4428 2940
63 9373 8069 421 6252 1111 8515 5295 9903 6892 5027 4840 7450 7008 4674 6074 1303 1123 3773 5542 6999 1146 2522 7868 7740 3326 7891 727 777 7497 1363 5543 4078 5345 5231 573 405 4611 5986 2533 5571 6195 2413 6657 8631 8619 5374 1221 5945 7286 8822 7468 6468 7643 9971 9448 7029 126 1852 383 8411 8156 5325 879
79 5743 4464 5301 8646 9475 1334 2180 1616 6017 9325 1556 3095 9074 3739 5257 4645 7122 7654 8336 4980 8016 8666 9093 4385 6232 4640 2768 3678 3560 9940 2586 476 5132 1513 6508 9839 8611 2574 6183 524 2432 4099 3529 6 8619 2589 8790 7701 7173 9062 8579 3240 8217 4535 762 1371 6715 7651 5172 2392 3598 7454 3161 5585 7378 6362 4494 8261 3473 1437 9604 757 6346 6270 9918 2216 9123 6725 4253
61 3825 259 608 1246 9816 2579 5638 4583 4707 4927 8844 2031 8541 266 3972 9591 8563 5227 8601 6870 6572 9966 2814 12 3316 4451 8206 5858 75 9232 6809 8036 239 8382 8242 7904 6751 1458 5297 5456 5631 6887 2390 8282 7228 7901 1650 6458 440 4192 3111 4888 4992 8169 6673 5322 7280 7805 1189 6242 8519
85 4811 9237 4131 3778 7923 349 1740 7942 9792 9021 44 663 2620 462 8923 822 8 4812 8697 2866 1142 3565 6768 221 8785 703 6407 993 730 766 352 6844 2543 7787 4954 4764 4601 6213 1300 646 3387 5387 6713 5679 9041 8936 5699 8684 8242 3382 5542 4297 5599 9033 6727 3106 3963 6494 6822 9030 8368 9224 7261 5085 4212 320 8463 5867 3449 4078 7353 1922 729 6567 5474 2551 4830 1937 5356 5013 9019 2541 1702 6130 893
89 5710 3115 6432 2880 9936 9331 3221 4114 8119 8844 8524 5146 3723 606 9361 4596 6593 8588 6269 3644 1868 2322 2411 2992 6143 983 7846 7147 5835 4142 7541 2993 3699 4007 9966 2746 7036 636 4856 2334 4464 3056 1187 3736 6634 3515 1622 8929 1050 9624 5430 9846 9556 5476 812 7023 3389 7967 7070 9926 9974 3305 7608 7188 9118 6386 9125 2003 6320 5734 6438 4848 6164 7215 2810 3266 551 6195 9002 7508 1031 2073 6852 5697 1672 9984 6138 5140 9238
65 8269 1 7436 713 2757 2863 2272 1183 5034 1560 7090 8252 3293 5040 190 8285 321 865 4363 49 7927 2295 5219 1002 3212 5728 8672 5556 6625 3128 2950 485 327 8255 4174 3595 6197 3330 5439 5261 3793 658 282 8942 6497 9999 5352 6186 6930 8082 2078 6522 4873 4034 5403 4615 9369 9146 5153 8694 7191 7774 7685 8217 3379
77 1246 3409 1364 8432 1076 6922 7034 9769 2613 1255 7447 3214 5271 8555 6902 1655 9555 5366 1639 4982 9870 7785 6956 3221 8414 9975 6203 5898 6735 1440 4285 9752 8761 2622 7355 1779 9940 3564 2221 4628 742 6478 1416 2876 2660 1172 5381 2880 7291 3084 9049 5658 4714 6801 5755 1128 4162 401 504 6560 3603 9532 4046 942 6306 9979 2789 1990 6498 6419 6150 198 3182 3522 3888 5565 307
73 5310 4371 5452 8804 5888 4293 9865 2707 5109 3107 2845 9972 4701 5079 1714 8347 283 6702 4406 2923 2162 2716 7782 6375 4094 2441 5716 1768 6321 9231 3610 6972 7744 3388 2777 6356 7348 8713 144 3521 4613 2662 3594 5962 5687 1267 5267 6605 4753 275 7268 3328 6649 6240 4850 207 2588 5543 8698 3831 8630 1813 2041 9820 3849 1523 8081 1633 9068 6733 7806 3315 5146
89 5212 4349 1602 8308 6989 6503 9311 7544 9356 3192 5697 2974 8216 3681 3462 3742 3483 8551 7760 8001 291 1778 7188 8272 8093 6827 4147 1922 591 296 5751 9337 384 3942 5899 3515 3009 5596 180 9621 5085 6469 1311 7981 4577 7131 3546 830 1150 2106 1437 122 2021 1075 1969 4860 8303 3187 2112 6997 8143 1402 5092 6110 721 9948 298 4419 1097 6335 6621 3473 5329 9623 8384 8322 5365 5809 5586 4545 2307 5740 1774 7234 143 9467 3899 5188 3079
75 2996 4813 4724 9417 566 2366 2914 7712 7603 9336 1011 9009 2049 6016 1092 9654 2607 511 3416 3052 2056 5803 6588 6089 1158 2953 579 6262 575 6820 7112 7305 4755 5270 4063 6557 3317 8075 3367 3320 8925 460 6164 8448 663 9095 7036 2675 3788 9939 992 311 8048 711 2601 3698 7151 4843 9946 4910 7633 9275 458 2156 8026 7551 3070 2131 7699 8405 7046 7068 4035 6430 1146
97 2098 8566 1281 452 476 7624 7229 4410 7267 1528 6707 3643 2123 4227 2755 7477 6321 4682 9864 9645 7370 5434 6397 987 8226 2571 3982 5070 1521 4447 5323 2658 9983 3599 5169 983 2842 6867 6591 6226 3148 4523 1816 1108 4950 3158 666 6579 2195 3123 9106 4141 8603 1861 2976 9517 7166 1233 7296 759 3295 8147 9295 3831 5897 1093 7742 920 9745 3119 1837 3454 3861 4242 1825 4752 1507 3701 4520 69 6314 780 9831 4004 2200 1543 4344 406 4781 735 8702 7810 930 5957 6245 2955 7110
77 669 8769 2321 5820 4547 5437 5554 6236 788 2901 6976 1444 9781 299 4139 6129 8222 2540 3448 9911 5421 8594 104 6118 2827 1633 9266 3644 8672 2086 850 994 1853 8185 4385 403 5169 4774 4108 9112 3008 7922 1995 120 5787 3452 6190 8869 78 7374 3836 741 5335 3384 2617 9882 6020 8436 9919 3645 13 786 2670 9180 4158 9958 2578 4867 8899 5423 6687 3579 6792 4530 2616 3596 8576
93 3416 6112 3637 2931 3523 2457 5961 9770 9666 5700 55 9302 6141 6424 1567 5712 3774 6207 5364 3537 3964 2550 7795 2292 6511 2918 6173 1301 3643 6858 416 1795 2153 4300 1117 8449 2327 3034 1695 5597 6259 5840 7314 6187 373 4301 7218 5930 8111 7479 2396 2014 4554 3967 4241 3592 5208 5596 9543 2727 1532 6588 6890 8021 1679 3681 5489 7640 5031 2509 1125 2514 6760 5460 4414 7431 9681 8565 6765 7570 8547 8722 8736 1556 5139 541 771 2885 2257 9156 6882 3201 3447
63 461 8249 9364 2296 2242 7255 7669 3675 3195 3003 2994 1391 9756 114 4385 1725 8555 8772 5542 3696 50 4976 6280 3931 2181 3246 844 3265 7281 5261 382 8424 5482 2078 246 1466 1206 8113 5297 6336 1683 2550 230 2163 2046 7595 9633 960 4359 5988 6631 328 2620 4081 3815 1396 6490 9585 388 837 3945 740 320
93 6083 1369 5289 8052 4186 1211 8303 9015 2399 4700 6003 7363 6743 1854 6829 6740 7319 9028 6476 592 12 6235 8004 1941 5095 304 1086 505 600 8590 4798 3017 127 7279 6380 1998 3259 2514 6017 4210 4077 9926 180 8538 9884 5205 2405 5047 1489 4272 1128 6181 7074 6900 4197 3821 6789 9453 9277 801 7700 6399 3312 9163 4959 5173 2757 1339 6773 9706 7796 5319 281 9523 5820 4494 6634 6861 2989 3835 7858 116 1274 5337 1198 153 1599 6239 2364 2477 9170 2429 8626
63 9625 1144 8211 8107 6899 4803 471 6687 5812 9663 8615 8894 1131 8521 4657 6126 9868 8529 9999 8368 8922 5393 7634 2661 6209 4052 7081 738 2867 8334 7055 8865 1142 6071 2114 1648 7303 1946 7536 6524 5824 4056 7747 8075 5924 3062 3648 7617 6174 9818 7657 406 2060 1610 719 1786 7888 827 2777 8388 4434 3084 4428
73 4865 9403 5427 8034 6417 3571 2067 7794 1030 8393 5589 269 8061 3341 6771 6677 5812 2342 5977 462 8842 5218 9623 2250 3484 5441 1173 192 5647 8866 3614 8447 8378 6809 237 5924 3237 4198 2359 3192 3394 865 3504 2236 2862 5331 6627 1247 4936 1952 5901 3588 5150 5873 6796 3751 8054 7251 4922 9997 815 1214 2847 9796 4832 263 3911 1809 746 9485 7921 2673 9098
59 3561 6349 8566 7020 4007 498 9352 7077 2008 1349 7358 1693 7453 5167 4858 254 2085 6450 7072 1967 1229 7518 5746 7068 6876 1731 3904 7324 4110 5159 3992 2059 7105 6459 2939 8088 9756 3467 886 2521 5408 9529 1129 6829 5614 4668 761 1870 5990 9751 2663 4223 9429 2035 8194 2525 1780 4518 6410
61 2248 9486 3311 3686 7059 5594 6585 4862 7919 3844 2731 1266 4735 9496 4185 7120 9359 6919 7709 1625 5504 6222 2354 9091 3296 8850 2905 550 7739 7162 4481 5739 3086 7167 1399 1480 1031 775 9258 9606 3916 229 531 7787 9655 162 12 5170 3644 9398 9645 3710 4887 6999 7203 3927 8324 7131 3784 725 8864
85 8203 9290 8827 8149 2356 6534 3251 6528 1638 2619 9155 8117 4950 3692 4943 7589 3255 6182 8205 106 6561 9513 5759 3256 8989 1637 5318 2501 3822 6169 6012 6230 9270 8479 3679 951 2059 5730 4883 1416 875 2701 3348 2809 2963 2048 5944 3025 8076 8353 8187 7605 3159 1251 53 2209 3847 2201 343 7015 9701 7782 2750 2882 7206 4960 2344 4742 1484 1889 7731 6663 2880 5713 2221 4563 9224 4834 5539 4918 2910 4512 5455 5197 2029
91 7572 5497 5114 347 5045 5037 7196 2019 1822 9795 1293 9636 8371 7518 2483 4920 4405 6388 2707 160 9093 9198 2548 6254 6188 5038 3080 3577 248 2075 9234 4790 617 6474 9831 1713 2192 6823 1184 2180 3595 9744 5117 1589 7325 3193 7243 7833 6326 1736 1798 5364 7001 8657 3938 657 6084 9508 9510 4575 3324 600 6034 5122 495 9428 7924 3554 5269 2767 3799 7884 1718 1359 3969 115 3861 6401 7742 1313 8889 2810 9806 7088 8296 9898 6160 4810 3723 1860 5676
61 7078 1029 3573 998 3445 3025 2298 9396 6764 4232 1952 5169 6988 9623 7800 4167 6825 7071 235 9658 7797 5637 1129 3630 8150 2547 2438 9552 7823 4059 6625 3431 7132 212 2540 9932 7557 9343 1491 7174 5090 8554 7973 4089 8535 1385 8245 263 3931 4876 7758 2206 9773 8193 8613 2972 684 2084 4002 6510 3099
81 2439 7069 3656 3889 9090 2585 7042 9806 1472 6135 2923 5486 6322 1947 1187 2184 1040 7397 5803 6679 3767 6579 440 7379 6252 4283 8209 4859 5139 8082 8926 8211 4807 3804 6813 2301 7163 9534 6354 3546 3049 98 9336 3669 2724 5971 9407 9807 7919 1235 6354 3596 2285 6081 3875 84 9758 4698 3955 6193 6255 6523 9236 1199 459 4675 8997 1969 8637 4269 8769 3149 3142 5464 4697 4665 2058 308 9317 4404 8617
95 1818 6620 9349 4885 5907 7663 3488 2203 1575 375 6152 4898 3513 1166 1546 9730 9572 5900 2620 3789 8353 9423 2011 8494 8265 2749 2862 1074 7191 5826 2579 7459 7996 6629 8675 9240 8948 1912 1530 8426 2472 2559 3880 284 4384 2892 3838 3317 4269 8720 7628 7716 1322 551 4684 2933 1160 411 4283 5607 2429 4506 9538 9252 4095 9092 3796 9859 737 709 3093 6305 1183 6664 4910 5032 8150 2261 224 6772 9067 2450 9382 3403 8874 3146 1300 2385 4643 7899 6598 8180 9976 8741 2606
75 7487 2253 6134 2419 4042 3736 6094 3115 6224 172 1199 2819 5332 3173 1450 8470 7744 6702 297 8511 5357 824 9840 8022 7007 1250 6973 9067 1167 4061 9888 5574 7396 3755 7817 6367 506 7249 6080 2785 7641 5441 4806 6074 3578 2920 9060 7546 7500 7926 6264 2081 4575 6837 4092 5165 7878 3144 6694 3766 8980 5490 55 1100 3453 9548 8145 3614 3970 9993 3823 8533 4332 9048 2038
65 5397 577 4895 6987 3133 3534 2488 643 6207 9913 975 3405 9638 8767 7854 6019 1115 2439 2875 650 2853 6569 1918 719 4950 2323 7898 9362 2880 2247 7151 6224 8238 6335 918 6591 3190 1318 2744 3828 487 8322 3068 1113 5418 6781 7654 4958 5182 5030 9716 6288 7145 1325 4502 5485 7418 2896 8139 6791 3253 1406 2359 5363 1928
79 9096 7190 3832 6366 3084 7320 7496 1795 5275 1337 6027 215 7873 5531 100 9728 199 2642 7324 8638 910 1351 2424 3202 9039 5731 1226 1587 8472 9196 744 9825 7006 3932 5017 1062 8305 1669 6634 8166 4134 9979 2466 9957 8004 9680 5013 5670 9593 666 5013 901 9126 8669 5764 2613 7930 7758 4263 8285 5999 9525 1661 8769 7985 7447 1257 8828 6191 3151 6817 575 2382 5838 1594 5407 4071 3516 6270
75 5235 7796 6826 5188 4046 7583 8685 4098 4524 1244 8599 8035 1057 561 7398 4636 7820 1905 1225 3096 2668 2727 8259 2232 652 2896 1285 4537 2580 8324 2497 5385 2206 3131 7165 3157 2640 4861 552 2438 7228 6736 16 8219 8309 6802 9330 8073 8974 1119 1441 6739 5676 1631 4641 3230 2032 4194 9198 3313 6141 7272 9229 9021 1846 9718 2261 4107 5729 5715 5045 7208 1817 5953 8154
77 1579 6827 4941 6955 8479 6539 2571 5069 7535 6002 6525 4038 3641 3681 553 1791 2688 3478 1139 5621 5860 2759 2415 9520 526 7293 1076 4112 779 3248 7628 6717 7378 2879 7771 258 555 3144 6727 1785 8250 3881 7767 7795 7702 1552 8589 3127 5737 3190 308 8605 4112 9602 58 7182 4726 4093 1632 1693 5537 2416 2369 7479 1383 7259 2188 7903 713 8985 5427 5135 2794 7901 607 1265 7498
73 607 5537 7673 3378 9046 4997 7946 2539 2777 8023 5891 1468 7903 2151 5899 4413 7389 8349 9727 8878 9036 7476 4932 6829 7033 8357 6570 2786 2480 259 2261 2648 9049 2627 9182 8729 175 7957 5036 2967 8639 2797 2486 6284 6630 9536 5219 6906 3098 4881 8421 6623 3571 9011 8833 8629 9678 9880 5669 6955 7375 8070 2513 9183 3848 9787 4431 406 4360 9744 5799 3008 4275
65 4052 2634 4993 3559 783 8843 8253 4958 1658 7984 5810 6675 8501 501 6640 2377 7884 5257 2005 9111 1655 2283 6287 9361 6171 3971 4952 851 3443 535 8949 2744 8478 9049 588 1707 6951 6717 9996 886 2426 6812 8873 4154 2488 8108 184 4482 1324 9907 415 7259 8180 7801 5158 9350 7487 2648 3667 4760 9032 7557 6576 2068 9235
83 1320 9343 3056 2388 1788 3072 5183 9786 7049 8342 2492 1540 5657 1803 5149 436 3593 9372 5933 8449 486 473 6688 3900 9597 412 6472 5668 6125 9102 1045 1390 3409 7650 3003 5728 5543 7177 4809 2663 5100 3350 2574 707 3030 2371 5989 3673 5921 8741 9930 8585 8002 4210 9397 4247 8249 1101 6658 9343 9194 7891 9927 1263 2881 5291 8738 8172 6360 1904 8790 7097 4474 5109 5555 2035 4554 5286 2216 9075 2633 6995 806
61 5130 1350 4059 3682 4343 7202 4933 6093 5083 6751 6461 8759 9477 6241 8662 4391 8621 7770 4061 8010 1938 7761 7397 7124 2117 2114 4508 8591 5409 6296 2395 1795 8657 4959 4281 4060 7497 3424 7691 6557 5338 5317 2715 1399 5529 8128 3893 5567 5671 2679 655 5321 7650 2483 5948 2914 4822 2026 2666 4362 892
93 4881 1111 9669 9231 9229 1999 1658 8321 7230 9689 2008 44 4143 2263 9651 3823 7528 8110 2192 7726 8876 348 1822 2225 6347 2619 481 8318 5073 3920 6184 5769 2047 4323 3413 4611 268 4246 2270 4639 4295 7230 3736 3669 9898 6570 8559 58 2617 3695 1608 3302 6145 7494 2383 2393 2074 2732 924 3811 8832 5104 2386 9814 7521 4300 5366 9810 3890 1213 8236 5608 7627 818 9003 7759 8059 446 1550 8901 9084 3586 8558 1230 4950 886 8568 8547 5135 4411 7034 3124 7517
63 268 6420 8029 4569 2431 1721 6343 8791 7219 1069 3051 2847 1392 7833 1901 7218 7510 8066 1459 7628 7940 954 3888 809 2985 616 2738 6448 730 6580 8785 4588 2639 6864 6936 3855 8016 7060 1246 5726 7036 7558 488 6356 7304 3001 7868 28 4768 446 420 3078 1559 6839 7357 1257 4798 5463 2831 1711 3388 4010 2712
67 1339 1601 6370 6650 2336 6993 9454 795 8314 7576 153 2614 7518 7895 5977 9529 8868 1043 894 6058 2065 543 6238 6530 9551 3635 2829 2128 9407 352 9873 2797 7499 5522 1234 575 5971 1241 8957 6441 1494 1668 497 6701 270 409 7837 9872 7647 7495 314 2927 795 1924 957 973 8335 8185 2859 5165 510 1019 7602 7728 1404 7485 141
83 6757 8476 1730 4493 4135 7671 1507 8893 8580 2197 2552 771 5606 1006 4522 8967 1136 130 9973 5918 3612 5620 3849 1817 3287 7340 6957 4005 8421 612 7446 3255 4670 9870 6500 5806 8600 3415 8566 4810 1268 6908 7677 1031 1305 1970 5309 7270 9859 5082 8716 5505 1282 8657 3004 131 3340 8474 8012 7548 1831 5295 7842 2442 6045 4977 4110 7903 9873 424 7030 8893 1796 7044 6987 4496 3864 7558 8872 969 7076 3156 5565
81 9997 6686 9486 32 6534 1638 4418 9728 9977 3672 1258 4886 1460 2808 6076 7693 6312 3817 464 6037 1888 1595 3423 5513 6425 3156 7389 8641 4235 3359 5891 2658 8467 1034 7968 751 2796 4750 5133 7182 8993 1117 9233 1142 4285 1705 219 2008 4980 8748 1547 7760 1128 9141 6234 2272 2577 4418 3821 3506 674 280 6668 9203 8933 5571 1016 3202 3922 9588 5482 7000 2424 5523 8877 604 2101 3602 6225 7423 1875
93 2365 6426 4386 1155 1089 720 8561 8420 8837 8785 4900 1650 9371 8372 949 5352 6221 9395 4809 2630 5545 2710 92 500 8530 3838 8025 6591 5522 1318 2327 8366 221 9527 2247 6602 7381 209 8014 5008 282 5052 1396 2525 9779 4824 4161 6386 6353 1304 3543 8445 5265 2210 6731 7730 134 1827 8960 1982 9740 4573 6170 7267 6102 9536 6404 5081 1283 1566 1651 3405 9958 3078 9009 6939 9671 7927 3179 953 5608 6076 3915 1083 3601 7485 2209 9985 9935 71 6058 4580 2584
83 7580 6172 1162 4389 6128 6557 9819 1533 6873 597 3849 2922 7356 8355 6781 9546 7535 4628 816 1452 6242 4057 7465 545 1660 560 8721 2628 3548 7589 5829 16 1038 7623 8836 3071 6333 8636 833 4946 9297 3545 8156 1215 4679 564 9841 5262 391 3148 1775 5030 6897 5290 7503 5122 557 9060 32 1290 8648 2428 9612 6427 8416 7315 6071 2756 5167 3755 7467 5032 2730 1152 7164 3250 5349 5097 2070 5622 9617 7513 7528
87 3774 34 6907 6494 2639 9705 213 8853 673 2228 7252 5050 9464 4215 1312 2431 2066 8006 2082 3261 6516 3804 7206 8512 7690 4520 9132 6794 6434 4753 2241 1777 9213 2929 424 3750 6533 4703 8870 7090 4017 3387 9809 6062 8204 198 3824 1258 9364 4425 5505 8972 4203 8016 6474 50 8325 9956 1191 1371 540 3735 3583 3280 7725 723 7737 7822 8917 3277 9582 9866 3145 7461 7661 1905 5823 8775 8976 5241 1314 4409 7648 4841 6454 8596 4368
81 9579 8979 8434 7765 5631 9568 9510 9558 8359 1052 1411 354 5781 6929 1796 3586 5593 3218 1811 1949 9821 8864 4935 4264 2804 9591 6165 2581 9338 2748 9922 2676 4757 9598 9998 9 7083 262 772 5370 2040 1382 7058 4139 7042 3068 3567 2141 5973 6575 6766 372 834 2472 4972 9941 839 6173 7507 3255 9762 1030 3999 1315 145 569 8503 1805 9428 7129 7761 4602 8261 2959 600 5578 4953 9893 9229 8507 4252
89 1320 5974 2722 7855 7381 6292 8404 3844 4835 5211 9976 6481 4321 9959 8582 6205 232 7603 1744 5866 1817 3997 1795 4806 5042 3890 6060 330 353 2151 9403 1329 7583 4479 2435 9196 5408 4046 4287 773 2548 2073 4131 3260 6697 9930 7680 1673 7785 6061 2144 1 2703 996 8372 9292 3984 8071 548 3245 1027 420 5800 7425 8038 7941 1320 1601 5164 7015 1806 50 6535 8069 3109 1379 366 5455 4026 9094 8730 9849 3496 2477 2079 9799 1864 7880 5409
99 7158 4811 4061 8504 1480 6793 9503 2155 7111 8367 7385 8003 7185 6428 1825 2578 3864 5542 6782 2412 7727 7148 5906 586 7974 9317 921 4433 8832 5287 8746 902 7777 4740 6880 1283 223 8016 3770 9862 5804 3758 4665 6228 8966 9925 889 613 2806 2924 8621 1001 7974 5667 2300 2458 4009 7013 7182 8725 8582 1436 7274 2 5514 7209 7764 3947 508 6211 5535 2061 5551 9394 6490 9415 5428 9725 3258 1767 8289 955 7730 7681 149 1841 9521 715 8968 2118 8828 2045 2749 980 821 7931 3285 9277 7119
85 7806 3825 6853 719 7075 2888 7091 6915 7562 1054 8626 2366 2225 1830 9373 3441 7651 3341 5336 2408 7095 9571 2419 6404 3839 2971 5051 9268 1710 3642 8905 2720 5370 2327 1241 1967 2794 9602 9729 8739 1903 9559 5012 366 7855 122 3927 6305 5027 2670 8768 4683 6283 7762 6140 5839 360 8463 3197 1233 346 9115 8009 8026 2742 413 400 3736 7788 3574 2704 6193 2858 7520 4890 3959 5113 1608 4369 3997 2690 5184 2556 5194 5044
97 8429 2721 8585 9121 5951 6643 1377 9993 1200 5453 6866 9652 5790 884 6332 3748 2500 9291 1587 4116 411 2773 3931 2893 4546 6982 2458 7803 3795 4503 9010 7884 9664 1665 6928 9052 1236 355 4690 3832 7467 2006 6654 2055 8927 7655 3597 2164 1250 6334 9809 5220 1601 3591 7355 2096 9704 3740 5227 8059 3138 5301 4776 3258 5223 5465 8271 1383 4855 8433 6945 4536 3150 7938 9201 3608 8105 8253 2730 1962 8981 4610 9470 6935 9998 5678 5901 994 5796 9807 2934 3065 9087 6260 8495 5681 5959
83 9669 4625 4627 8867 3941 493 1479 1390 7571 8908 5789 2547 795 9613 3545 3362 2501 153 1154 1955 9122 5480 9725 4443 5410 7790 8033 2497 318 278 1381 6949 2557 8708 774 4889 5205 7972 692 639 2374 4991 8569 1634 8147 5239 2790 3794 1687 666 5262 6217 1763 5051 153 7285 2514 3444 8797 6516 9042 9623 3243 9880 8695 1042 5840 9605 9175 3810 2685 7439 3755 6618 2516 388 2600 1819 5469 6796 6729 9421 6120
65 8890 469 2757 565 5980 1348 7369 6683 5253 8540 8095 2859 9786 3967 2246 8360 8741 9763 8380 3509 810 4092 2710 9000 3708 5235 2508 9552 7457 3697 250 5194 5561 3542 2358 1911 6700 2704 4096 7393 1303 8259 4010 2549 502 1290 6517 7225 166 5657 2844 1312 1438 208 8229 1532 2437 9972 5085 6365 8998 4110 6051 6784 9608
75 2050 5163 5582 6861 4400 8202 278 7496 3947 2330 6426 3324 4892 3692 5046 2892 8995 1841 9659 496 9199 6836 9862 4939 7184 9079 5644 839 4247 6306 8005 5614 4894 4596 8060 685 4832 2296 3670 586 4590 8985 2129 2929 4968 3473 7894 7556 4210 856 4043 3687 7370 1412 4879 9914 3915 332 4449 8016 6713 6440 308 1136 6741 5113 4750 1348 8609 7323 5707 4690 5984 6107 5336
75 4200 4323 510 4452 8925 3498 8004 9831 1043 5039 6188 6368 2424 5684 9592 4703 8931 6553 9948 6358 5841 1531 9123 7520 9884 108 2106 8758 9925 6386 8603 9934 8901 5957 71 2790 3015 3512 657 6764 3007 2803 3964 2710 5915 305 6789 980 571 6863 3839 6965 5661 3323 1345 6766 8784 9863 2710 7423 3692 6051 1402 1766 3802 3807 6581 5549 5120 2245 6588 3770 2650 346 6761
67 1123 6460 7405 8182 3355 8072 4571 803 7 2686 80 6682 2989 4062 9985 7277 5684 3747 625 4019 6462 8770 7669 5446 89 3083 951 1510 2778 8260 3246 6298 8085 9414 8973 6468 8546 6159 7991 2768 511 6571 1390 9094 3670 3212 6092 6846 7630 4112 5624 3989 5667 3103 479 84 2736 7634 9644 4050 8776 7069 2227 2001 6493 2193 408
75 8478 7472 4536 8103 6846 3401 469 850 5635 4600 7648 5546 1561 5395 6429 5717 2259 6603 3236 8937 9766 6835 4483 1540 815 1139 2975 5056 9337 614 3142 5606 2242 5253 1063 7478 5106 9741 8238 4717 2032 5449 9619 3390 8429 6764 8702 141 4278 6861 7292 8830 3059 5185 7411 6680 9323 3271 6859 6804 2255 4068 4225 3412 8430 8005 5205 9457 7287 5168 5814 6145 8576 8225 8472
79 5969 9703 7109 6979 2187 1383 6704 9933 9663 9834 7266 5945 5995 7308 8010 5958 2398 1837 7800 4132 3244 8507 5386 4626 2195 408 1264 9654 3564 1838 9857 617 7659 3995 6416 1577 6911 4934 139 2192 2235 8451 7135 6555 8652 709 6378 2478 1798 846 7894 9060 5322 1727 9215 4117 756 4742 778 2382 6191 9494 5321 7210 8680 2425 4534 2420 4479 1289 38 6721 6779 7723 2045 3232 509 6345 365
67 489 5978 555 1223 6155 4747 7027 9061 9470 4338 7159 8540 9497 247 3157 8507 6011 8875 7186 3593 4662 6531 4970 5269 9491 4274 6257 2422 3165 9492 193 628 148 3896 8632 3839 4968 7443 412 4970 8277 5530 9560 9755 4162 5729 2671 8407 5849 4764 3980 283 8096 1437 3347 5390 1958 7705 6510 3304 1391 8896 8502 7185 6448 6401 8770
99 9212 5368 6711 6642 4397 8809 6821 1700 9561 9782 3817 2930 5725 5431 4575 3851 6245 1763 3621 4309 4563 3860 1595 1321 4651 2434 1266 2485 1373 8448 9210 2181 6532 6434 3182 106 6083 7371 6548 5677 912 3570 1047 9157 5861 5122 9271 2069 6438 8946 768 5380 687 7547 9385 6263 9035 6399 701 3652 3234 5368 5230 8291 3215 5548 8892 3205 8069 9151 1056 353 3687 4729 2218 4615 296 8502 8674 6394 1929 3530 1415 7263 8554 4060 7125 3893 3577 4262 4728 4230 4161 7105 3649 7617 1981 951 4800
97 8191 8684 1228 3861 6457 2668 6520 1474 4026 3750 5961 1262 6153 7631 7726 266 4959 4114 5330 8036 4671 8029 7930 1245 7978 2601 3586 3220 2072 2308 7149 5483 9409 1493 9221 5507 819 1046 2738 4326 9153 2532 5382 2928 7810 3434 9951 832 2783 9233 975 2989 60 8905 3724 5511 4444 8779 1332 8980 1741 5913 4492 431 4428 7351 9240 4991 7877 2452 4227 3280 2585 7384 9183 7787 3679 7955 7163 2294 2847 6456 9396 6768 9732 4620 5200 1509 1237 7364 7408 6383 2693 1726 2942 6121 6848
63 9250 2704 1124 1128 1951 2864 8964 4807 7008 5156 9974 8379 4959 9367 1457 7268 6188 4751 287 3920 9104 3005 5475 588 9533 6444 4081 2321 5641 3572 7013 929 2352 5426 1699 8299 7154 5716 5538 8484 8069 6167 7258 5321 8448 7070 2039 3816 7454 8238 6254 8309 2114 3422 2054 807 362 7044 2623 4800 768 5573 3975
71 6328 8268 5436 6497 5898 9748 4936 3862 1089 3040 423 5407 5377 5668 8429 7372 9610 1256 5140 1742 9809 4046 2722 3263 671 9018 3111 9316 4777 3771 7523 6862 6267 2291 4974 8290 8696 9234 5178 128 3237 8537 3347 9448 5126 8970 9844 3493 9069 3797 828 7022 9600 7204 6736 7483 9645 8510 148 238 7386 8462 1792 5242 9287 4483 9573 6586 6294 9311 4629
87 5932 6362 8617 7419 1664 7867 8184 6632 5202 6696 9428 9070 5006 9153 4803 8860 4520 4562 1925 4915 6879 3326 8187 5629 6345 3310 1547 2155 4937 9295 8276 2910 5332 9273 9633 2952 3187 1162 7552 2867 2317 1495 3616 5457 4273 7218 1175 3273 3366 7950 5937 3263 9614 2766 9950 1239 4901 3122 2839 4364 5256 5386 7163 4415 8196 9951 8767 4387 2722 9393 8245 9664 4105 3073 8592 118 2430 3989 3955 3295 2470 2739 9257 3019 1713 1087 5226
75 1453 35 3491 6583 1557 7016 1421 7893 981 2208 9683 4671 6857 9450 4435 664 4382 155 4635 7631 385 4178 3179 90 68 8889 4064 5899 963 9841 1838 3692 1596 9423 7465 1990 5496 300 2609 8083 5712 6258 2858 3716 7364 1127 9837 1793 9226 7227 9984 8741 7680 2084 3170 1764 3355 6802 1828 3367 2808 4703 4275 2148 2061 1840 7817 6874 3398 2520 9600 4318 7243 1266 3426
59 2887 279 7870 686 4331 3782 5929 3522 2279 5237 511 9031 3967 4040 6787 1660 3121 3734 8601 1370 4672 8249 5385 104 5214 176 7539 4161 4880 6170 6037 9785 7418 5288 963 4117 3659 2281 959 9817 9340 9867 9277 9655 9848 9718 8929 8843 2122 9662 2650 8678 7283 740 2861 5001 2770 5928 1823
