83
93 3703 8393 6508 619 1350 6829 5624 6539 5143 5179 6177 4007 5195 3961 5912 6263 505 5342 7880 3877 9153 2504 7942 186 230 1239 1114 7574 5106 9420 2309 9092 8662 9394 2844 8921 7757 6582 8756 5695 5982 7397 1372 8203 1024 652 408 1750 5579 4754 3166 2932 9512 2722 6667 274 3964 3459 9036 801 2036 8238 2718 8926 3525 5932 6134 276 3246 2581 6223 6562 6676 9313 9509 9203 7320 1870 149 5759 3649 5617 4105 4122 6664 7372 6344 8378 1394 9137 4878 7048 2374
53 5803 2496 7696 3441 7438 9947 8177 4946 4700 141 4431 3746 1892 5658 8573 7357 411 9256 3792 6510 7075 2535 1913 6646 6836 8702 2906 7410 8272 5785 5469 5991 8241 9178 1302 5054 7464 1340 5286 4094 5411 8870 8399 8177 215 746 3294 7486 3030 3904 1720 2884 8861
85 1246 1067 2955 177 9342 4065 8344 6463 7184 6439 307 9080 6015 6215 4639 1416 5299 3584 3569 7391 4590 5602 6795 5057 3056 2633 5780 8411 2501 3899 9166 9727 8423 7609 3166 7535 7409 2222 2086 2560 105 3802 5333 2945 222 8528 8695 4939 581 2414 3261 5783 1127 181 4578 5820 1660 2160 5721 9420 6552 2787 6535 3609 6596 7417 2174 3763 8371 7286 8167 9336 7788 6814 8242 4302 9294 7704 8642 594 2808 4956 4004 3998 7684
59 2359 7414 7034 113 9206 3496 5703 2711 4972 3993 7636 8203 7641 1506 8431 5776 7520 6098 8690 9053 5491 1608 2998 8824 5325 2880 9596 6731 3857 5218 5056 1528 467 8693 8089 8498 8834 6580 971 9547 8528 8998 2682 1117 9798 5937 3629 4731 4924 5589 3940 9820 3462 7136 339 8362 1734 3895 1939
59 601 9605 8782 1433 6137 648 6203 6371 8123 4036 8877 8549 6225 4009 9007 8506 7756 3126 9394 4143 3863 2341 9248 2936 1102 422 987 7629 4489 8538 4172 9353 2519 3609 9246 3507 4517 6016 2273 6659 9126 3551 8341 6544 8863 1489 9636 151 9880 9129 9287 5243 655 2324 284 2039 1433 8047 1058
29 3779 356 8801 9766 8221 8586 1320 4947 6941 6105 9682 8081 7446 8727 762 3860 4533 6899 9696 4370 8089 6586 9902 9432 6674 208 1385 1002 8876
45 4506 8121 4766 6571 2950 4744 9095 4744 2993 9864 221 9340 2761 6604 9814 4059 2200 9855 45 559 1812 9449 3797 3571 8803 3267 8996 2975 8004 2244 2733 7392 8629 7822 1844 4060 8452 7068 1330 8170 8292 4200 4207 2081 2409
87 9852 2629 5425 4022 7843 476 2339 8921 1267 6594 9380 3023 1765 2294 5751 4015 189 4159 5077 7344 8064 795 1131 9835 894 2880 5271 4690 4247 5480 8230 2574 7235 7504 7369 7648 3250 3315 4272 9167 5759 1323 7955 2156 2890 9091 776 8048 4130 1398 4685 8589 77 7281 7316 3638 7069 5211 3123 2801 8268 442 9430 6499 7145 9001 8757 6055 4656 9961 8497 3816 663 4514 3922 2579 4695 2825 553 2314 2082 2223 3133 6442 5243 8785 4006
53 5017 9644 3885 6796 1827 1349 9774 6557 6547 5300 4773 3889 9131 1677 3010 3249 2734 3118 8559 3950 2588 5233 6553 9838 7241 7151 3587 7750 5761 1932 6089 8568 4915 2057 3533 1070 9227 8179 9108 1851 740 8273 9443 9553 2330 7588 7058 2996 828 8612 5406 8888 343
7 2827 8954 1202 6341 6250 4805 6192
67 5996 3798 3739 9967 1244 1588 4880 7643 2892 6382 2274 8328 5830 8589 7805 8607 7273 5820 3184 9782 7248 5631 9032 2280 9176 5329 5567 8944 7872 8109 4928 2395 6881 8440 2212 4797 7237 7120 587 3184 1311 1412 5396 3035 7608 8826 1364 8356 420 1639 8092 9235 9989 3002 6182 6775 7342 8554 265 5292 7830 7261 892 3871 2783 9428 5907
33 3654 8544 104 912 9144 1203 5632 8161 3251 8042 384 9224 5800 5717 8145 9088 4279 4771 7028 8070 3826 8920 8103 6176 795 1949 1480 3608 3390 1053 3166 7857 7620
39 1282 5319 4411 476 9073 5249 4683 8625 7184 5688 1366 7332 8938 3942 3180 9248 1186 8933 8085 132 8962 9164 6069 7714 7740 1088 4793 5845 4546 1665 9008 3350 5845 5407 5066 1225 2667 3510 8105
65 9887 6045 8114 8748 5169 2596 5470 7307 6868 5672 413 7647 8036 360 545 62 3840 4878 4929 6544 186 3422 6187 706 7197 1703 5081 9664 9381 7913 5763 5785 6572 1398 8951 2379 8557 7394 1234 2938 5928 3606 838 3896 1433 613 9475 98 6037 6078 9925 4017 239 7378 8707 7730 1543 3868 1687 7304 3285 7323 1817 4574 8768
35 2534 2332 1308 3490 6666 8519 6788 2624 4404 6520 4337 7302 5646 6580 7425 5711 7696 233 1137 5099 8809 7049 7924 4983 4042 2005 5603 8850 8943 8954 7652 9060 7000 2106 3370
51 254 3827 1629 4923 7346 5628 2477 6453 1373 1888 8690 4555 224 5035 1420 609 4833 4323 1067 3883 8123 9075 8431 2387 3374 9251 7942 7157 1442 4521 9479 8636 4860 1715 7475 793 6534 3571 9767 7352 7081 7412 6581 8862 310 1498 9246 7960 2099 8486 1765
85 7982 8690 1527 8440 6854 2269 4068 5820 2442 40 9227 1377 8865 4904 9763 3914 2778 6269 6693 7396 2628 8472 6151 7191 6645 1657 8672 5716 3796 2236 1834 7732 7398 4238 7631 5960 5967 6254 7773 5938 5074 2184 436 8835 4213 5204 9780 2663 1601 9395 5372 6672 6529 3387 5571 4136 7237 6528 2364 4318 5332 3240 7067 7487 5419 3167 660 5335 2825 9514 5843 1432 5496 4930 3633 9707 6799 5267 8104 1998 2946 1713 3716 1625 4255
93 6222 4694 1347 9979 1928 3485 3494 2579 7364 426 9415 8659 1956 6706 3241 8350 8002 6738 8692 5981 4828 1008 3238 5174 8705 742 8173 6535 5046 6710 9318 7008 2367 1029 6466 8447 3642 9749 5914 5924 1519 2715 588 9136 3351 1667 5601 6007 8531 1176 4292 9821 8457 7295 3761 1429 7903 5851 2795 4594 6341 2017 3462 5259 3974 4185 2049 2337 6720 7597 7133 8937 4805 9917 1007 7347 3540 8865 2689 1037 4673 2840 2566 6228 5557 1608 6241 4063 3174 3839 2711 8463 4035
35 6835 5104 7242 3421 9155 5623 1463 33 346 9469 2785 6700 8497 6851 2810 2375 416 9449 3934 4604 3355 9598 2481 8797 3506 3987 9739 4810 7448 4965 5275 106 2690 5517 3879
1 1517
17 9820 7177 6539 3330 8488 9808 9493 9364 6849 6373 1928 5856 3362 4216 4573 857 3264
9 7148 2316 3567 6841 3036 3211 2001 8103 228
11 6875 704 9803 4774 6606 5410 4798 8644 8016 5369 1476
85 6903 1769 4445 2917 9105 8042 5814 8924 8001 7725 5811 1789 4006 8775 7954 3658 1154 5414 8067 5741 6668 4155 9716 306 2766 3446 1428 288 3730 1431 2593 7639 5462 2108 7410 1497 6588 4401 2736 6232 6833 741 5923 8501 9567 8976 2355 8940 6570 4608 1220 6858 6834 4832 2233 662 137 8426 1320 9415 9870 5342 7881 8112 8214 3061 5788 7133 9809 5943 2920 654 7084 1109 526 6754 4758 7908 7310 6326 9253 2030 8315 2856 7424
13 5302 7874 5127 7805 8480 9342 6208 7395 5926 7336 5627 5661 4056
15 4398 5990 1016 3092 8109 828 5901 3087 7521 2029 4982 1081 8251 8051 1073
11 9410 4098 2213 8559 298 9003 8138 1752 4631 4999 8395
69 7168 2167 5760 627 6082 1451 7616 7401 5499 6027 6411 3249 4296 8877 7010 7423 1041 8593 5790 5103 983 2909 7832 1512 5999 7170 5379 329 6968 9712 5864 8732 5143 763 6002 4401 252 3372 3883 7192 7677 7438 9105 7195 9531 4181 9340 358 2926 6866 2585 178 96 5723 5820 8823 2806 431 6632 5177 5848 1905 133 9510 3369 9189 2339 9078 2597
7 6210 4885 2514 1923 3698 1186 3306
17 9501 8414 54 5863 66 8754 5194 4790 6293 3830 4220 8643 4137 4537 4965 9917 3308
27 1858 1696 1991 6205 8293 1351 9059 1324 4636 5051 2989 5893 2726 7058 6847 2253 8475 3808 3817 3975 5966 3271 6368 8511 7256 4894 5074
27 5402 8656 8571 5227 9413 6788 5733 5920 4435 7870 256 1136 3583 2403 4595 3822 7458 3719 7431 1595 2801 764 6837 7060 170 9258 6601
93 1152 5913 6609 7359 6848 8008 9400 6822 3247 4340 8418 1234 3182 5899 7335 1222 105 9641 1929 1817 9371 8852 2481 1527 246 9546 60 5606 2749 5175 1205 3363 8581 1675 7467 846 8513 9486 3943 9498 397 7116 444 3062 5769 9787 7811 2920 6575 316 903 3727 3690 1812 899 8522 3702 1313 8580 4799 7644 1924 988 1959 5560 3969 1280 1260 9523 9607 8244 3492 3802 2426 7145 4108 2189 7407 5098 3169 6937 7533 6563 6465 9742 738 1124 783 7174 5970 716 6719 1396
21 6222 8711 7740 9910 4712 4422 2191 3311 4434 2150 4204 5195 6442 173 8856 2058 5308 2341 7603 5431 1466
45 7041 1685 7020 9650 8179 8323 430 1700 7652 8621 4951 70 710 7859 8170 2491 9214 683 4676 1634 2157 7173 8828 9362 1453 5676 2717 8756 2682 4909 4676 5351 6672 9568 7537 9698 2187 9319 1365 4843 5352 2637 1396 9846 5851
85 5902 179 4590 4929 8203 2327 6444 433 6065 3488 273 5239 201 4999 2123 893 9959 7454 2950 2725 2338 5267 8206 2376 6681 8075 7453 3767 2031 164 9154 7881 4093 6930 5689 3668 9008 3544 1892 1993 7808 4513 8452 8911 6887 7619 2376 6436 144 5299 7738 6158 3470 9684 8304 9863 883 4240 8106 8426 148 3424 1053 2789 7112 1865 1091 9206 8653 4606 8600 8319 8374 1577 4560 2929 7937 4858 2563 2715 9344 4613 5729 2770 9373
35 8671 8098 3425 5527 5745 7566 5658 4057 8732 913 7275 5727 700 3252 1441 6916 2146 3956 2281 4676 7210 6088 8035 9884 9237 1634 1210 2674 5280 9961 8294 2871 3685 1860 9617
27 9353 3985 4471 5285 4396 8547 1628 4477 4714 3151 4295 1971 8590 2827 9804 2417 6046 8815 4418 2618 3279 3553 5866 6947 8450 9344 677
55 8051 7500 7866 3142 4306 2848 2200 7687 4442 7159 5432 7261 1247 6439 9352 1011 1566 2016 7915 9147 4384 1526 1068 2491 3932 5691 6115 2528 7146 9239 5505 8317 6345 1850 5721 4974 48 515 6058 3458 1848 3654 7901 4015 5695 788 8814 5097 541 4826 826 5228 7003 5622 6528
13 1747 3569 4462 5491 6337 715 3146 2633 6202 4588 6294 8039 2100
57 6789 3849 4966 7508 4839 8096 9892 3779 5550 6480 8878 794 442 9365 5519 5862 4337 1508 8601 4018 8917 2117 8550 1580 3967 6705 2818 4150 3628 7486 3817 1417 5293 2581 1651 9907 427 5038 3359 7031 4624 993 4849 4680 3492 8652 5342 9485 943 1155 3942 9872 4939 6149 6297 5543 9277
67 7109 5233 2299 1019 3122 4278 8303 1198 7757 1870 7553 3179 8929 6068 8539 2888 2363 8046 7747 896 6356 224 5772 7104 6689 5812 2270 4125 1465 3881 5753 7201 4501 392 9500 5103 4149 5310 4566 9904 9750 477 5933 4236 4782 5238 3949 9149 1246 5856 9017 9620 7967 9935 5166 4244 897 691 733 8439 3894 3924 7310 6640 9029 4315 9235
43 3912 2985 2232 9771 2071 7369 8931 5919 2786 3206 7543 8052 2354 2208 2591 7174 9987 7185 9401 6812 9828 3663 1588 4885 6048 9314 571 4849 1285 1893 3175 1974 6985 1650 7429 4900 5390 5531 9628 8658 7931 8071 5463
29 2125 4287 5791 7333 3167 2396 2527 2999 8604 1563 665 8670 7073 6847 7710 8074 8735 4714 4121 2128 5370 4075 2221 2494 4082 5375 3754 9798 9621
79 5072 1745 3316 2209 9232 2973 7730 1981 6873 1597 1909 6092 7595 7328 3790 223 2006 9654 9780 3091 2105 9635 2278 5275 7758 4086 425 1476 6384 5457 9655 6001 1989 2631 4364 2032 8214 4623 2606 9986 2580 9401 9813 1878 9759 223 107 7818 972 7847 2620 2325 8166 4934 5517 868 4693 6928 2295 5146 8212 5262 227 5298 5093 3024 1595 402 607 8631 1860 3202 1407 2620 9978 7647 9309 1457 269
15 7109 9062 2444 4718 4053 2407 6567 8240 4319 3680 158 9302 3325 2434 5221
43 2964 4423 3682 4904 9628 6299 4135 683 4305 9324 2706 5471 1286 631 4421 8531 4199 3243 3922 7929 6671 9728 4090 873 4899 2181 4806 9232 143 62 7786 2554 1616 8029 8807 6495 5062 7739 6415 7215 1395 3301 5981
83 2331 1780 1818 3239 2149 6284 3598 8950 2376 922 4672 2833 6530 9392 8343 2296 3655 7265 3205 6023 4432 7798 4536 2629 315 7555 9378 7391 2336 8059 6977 7212 9706 9174 6781 2438 8792 1138 2137 5819 8309 879 7628 4569 5877 2477 9800 45 8949 1089 1419 8170 7268 3229 7767 6570 1780 7126 5023 9907 7160 2735 4854 3653 4221 2991 7716 5851 7775 4399 9346 827 532 9979 3840 9487 8770 2958 5826 1911 2145 3296 9015
75 9848 9529 2496 3996 1732 2381 7202 43 7694 2811 6476 4471 6554 480 4278 9226 2536 264 2770 3520 7260 4625 8716 7304 2689 5731 3599 6569 2615 8206 5776 8570 8715 3795 5871 138 4315 6347 7954 9349 1860 4622 4129 3064 6958 3505 9944 370 626 7344 1571 6986 6893 1211 2312 6907 9504 6230 2395 2484 7169 6563 1192 1459 4953 1750 7496 6938 1137 1124 1037 4028 8104 3482 4830
15 2918 2620 3440 5098 2374 5772 6805 727 4266 4047 6642 4558 1860 1445 2299
11 5838 7294 610 6802 9499 3078 5687 9136 1490 2626 1920
83 6289 3620 6402 4088 2368 6940 2417 8548 2285 537 9765 8725 1143 1853 4259 630 6878 1063 1295 250 4355 1804 9380 690 8418 6966 3381 335 2030 1487 8090 3490 9604 4542 154 6028 1103 8635 33 1259 4552 8152 3270 9908 1470 9378 7550 2434 8666 503 9267 4222 6428 9569 9754 2855 7071 2049 6708 6296 4929 9793 908 9455 279 7069 3809 1382 1699 8433 5636 2853 9080 8175 181 1997 7779 4692 7975 7254 4173 7912 7472
89 1649 9695 9062 2205 9100 4845 8299 5382 8657 1799 3811 9763 357 9717 1558 5764 7471 2587 7493 8230 2797 3839 7507 3827 2855 4426 9445 8692 4827 8227 9073 5419 4949 9766 8986 2658 7677 2135 1908 1345 6557 4491 3644 2194 8663 7957 3132 5244 1288 8979 8752 461 8647 1514 4810 5552 8591 3550 2813 9599 9650 2391 262 7099 4236 519 3881 9458 1334 7842 7462 2964 1793 9781 9236 3325 8795 1771 4288 4452 6008 8781 9723 6965 7750 3555 6558 868 4233
55 5243 4921 430 7056 1339 3745 2214 6089 3717 7077 7523 9272 4718 7026 7861 1244 7494 9076 4161 9211 1762 769 4185 9116 3934 7708 7689 9418 1366 6492 2651 299 9491 3021 7123 8195 4879 424 9496 2079 425 139 16 9533 4525 4646 7669 2797 9982 3094 7928 1555 9808 8403 4694
47 2659 4007 6665 394 7810 188 7352 9965 8734 3107 9441 3637 690 5572 658 8323 7301 6506 7094 8799 6125 8796 3417 9192 9051 5236 9014 5293 8649 3699 7975 7190 7687 374 8142 2231 558 6665 7874 7271 1292 772 7158 4738 6775 4381 4736
35 3070 1408 2716 1094 5151 7057 8811 6529 7443 9165 9917 2264 7602 5919 4161 6149 5745 7795 6866 9934 1754 5608 4587 1754 6812 7595 675 5792 8590 3460 6605 8275 4448 2493 8402
31 1431 8937 6484 2387 20 1965 4856 6586 1756 5633 4809 7973 1622 5857 510 1474 4949 6113 3972 9905 6368 7178 1354 8622 5617 1478 8333 1007 851 6910 559
17 7658 4822 6074 710 6502 6251 4681 1607 2137 405 4875 6373 9984 8775 3406 3692 5474
73 9407 291 642 3518 6906 5973 9589 3627 1336 7651 789 6035 6321 5842 4798 8652 4348 7536 5430 7522 7488 3499 6467 8611 3032 4547 9823 2790 3675 1087 1507 7346 6765 4240 1109 3453 7957 2179 9794 7137 5831 6902 1379 1876 2566 8393 8717 8333 9646 5168 1648 1283 7953 5234 4614 1423 7525 6724 1577 2187 886 1150 660 6301 4887 2730 262 8035 8530 6054 3793 7595 469
57 6884 1702 8658 4603 5300 7658 6338 5209 9543 1612 1149 3692 9132 2745 721 3945 877 1219 284 1253 3666 7075 2459 4029 6894 7338 8105 9519 8409 9031 6224 3257 2931 9235 3746 2065 98 9421 9120 8401 8994 5444 4665 5689 9374 3090 9119 858 9549 9061 5796 5056 9357 611 8193 1701 8920
73 4772 14 6888 7911 2844 6157 3977 8747 8763 1821 6078 9018 4233 374 8942 8522 3798 5681 5280 5874 234 8075 3401 1982 5977 2939 254 2498 1890 4095 9506 8170 2309 8277 657 6643 5209 1845 3720 3493 8962 179 1368 3234 1717 3510 3895 9109 5347 2313 321 4967 5003 9703 8517 9468 5219 635 7594 6379 6814 1334 4653 6791 6393 1986 249 878 4620 3096 2398 8716 5325
27 6090 3376 8078 4263 2422 5249 1060 5202 4185 5552 5013 3921 8982 5933 1142 1878 5870 7858 1262 4114 6346 8964 4030 3002 6611 1959 9264
49 1133 9673 9375 8204 1083 386 6581 3983 4646 4424 3312 547 5363 1921 1270 4986 2450 8283 961 1945 885 2498 9779 9384 8828 5718 1027 5377 2389 2263 9901 5943 9342 9090 493 4029 9203 6293 4351 820 9440 6229 6739 4236 5357 993 2891 4196 8975
33 5296 2892 7487 7619 6815 6917 6506 5378 7476 3915 349 8276 7074 4163 749 3151 9375 4634 2471 7698 8692 3014 7717 8867 9513 4785 681 62 6050 1439 4461 3603 4079
31 2012 4628 8257 5293 5089 2102 6341 105 9691 790 2348 6504 2320 2466 4451 3839 1307 4474 3453 1394 124 9376 9262 5035 2821 9727 7084 2076 6658 355 5117
67 4415 3980 6589 907 5668 8707 1249 3961 550 5343 1628 8587 9658 434 6978 9232 9236 7332 4374 1166 4667 432 6484 407 8374 8463 2443 1957 3916 7563 1397 5533 1794 6133 9231 5450 5262 1289 9364 6891 7127 8153 3852 8653 9579 5301 6536 2245 8656 2602 1445 6954 4855 2681 3530 9686 8613 817 4059 4808 7846 7037 1533 3493 5402 211 397
43 7646 2355 8448 3069 866 319 1911 4537 9932 2391 4224 1347 9413 5267 8000 5839 7444 3268 7645 540 2778 6416 9439 1991 1520 9513 637 3947 7949 6108 7792 7275 5210 2812 7705 4973 8353 9444 4624 6376 9057 8681 4904
23 2440 9636 5641 8576 1637 9876 1015 6944 9825 8525 8335 7966 6187 5999 4398 8462 3393 3048 908 3114 5043 8999 8011
33 2918 4768 326 8635 8509 6471 1023 6591 701 2766 9007 1847 4647 905 2959 9960 613 4729 6391 5163 9391 1390 7116 1106 4095 5064 2276 6873 9444 9494 9571 2251 8020
45 5277 6864 3327 5100 2077 767 1035 6342 7410 8107 9191 3605 1452 9083 2442 8300 4048 2534 9856 5190 1280 3129 9454 1864 4926 6548 2142 345 940 7090 5013 6455 2499 3520 201 3305 9575 7468 1898 4629 8325 3419 5566 577 9080
79 8008 8402 4010 4164 9521 2626 572 1005 7299 9470 6409 1085 992 4205 569 4068 652 3216 1065 9007 7672 3960 1456 651 9929 456 2624 3209 3445 688 2699 5255 2143 1875 3180 9112 3150 360 876 9703 6721 2346 1123 5501 2290 9998 6443 9432 9767 5001 4771 6098 2261 2413 372 6228 6343 1427 5733 3794 6096 1551 7189 886 8268 4662 6956 9650 3582 9734 4134 3520 5756 7633 3055 1982 9339 8103 8008
3 1721 8242 3369
47 7914 541 3668 5646 4390 9181 1996 2884 3414 1356 8828 3963 5380 3071 5210 2012 6257 3751 3418 3234 7183 5575 3994 7801 1765 9494 6325 3622 6540 5416 260 4594 7829 2318 1608 2399 3354 4998 7944 9156 1785 2711 1881 6645 809 5626 2573
15 9181 7366 8596 6392 4129 47 8309 8824 2950 263 789 5902 3746 450 2036
49 242 4476 9765 2621 3918 6615 310 524 6612 4776 3973 1709 7654 5364 2916 1517 526 9757 2773 2513 6965 2762 1883 9233 9916 3150 5433 5018 446 467 1894 8551 8862 6264 2215 817 8666 2196 7300 6734 5673 3089 16 9804 8984 5732 4878 3437 652
13 9663 5433 9435 574 3538 1091 6305 9430 7447 5581 880 5602 5150
11 4466 1594 9632 3680 1842 9495 8811 4465 8185 8796 8424
55 6789 375 7848 8423 3617 6074 4774 491 124 4491 5869 9417 9718 2412 6399 2716 6076 1294 8001 8157 4247 939 7761 7415 409 9745 5004 6270 2252 9293 989 6568 4521 216 1418 2980 1642 7846 1886 2569 2319 7874 3838 5256 9360 8876 7057 8994 6286 8670 4874 3342 2272 4293 4329
21 9337 1057 5387 1547 361 8342 5388 8756 7588 3840 8324 9288 4709 6929 6198 5309 4880 1046 1425 435 4735
75 9509 8204 7232 9132 3625 2795 6278 5465 8194 4150 794 6142 4530 4287 4934 6294 1458 1946 5128 1055 7939 6176 9169 9738 3321 544 1655 8096 4263 4395 9683 9740 8755 4508 962 564 8366 4246 669 2129 2518 8716 6910 6815 7448 3428 9952 5618 4711 2654 8179 7783 3043 8762 8093 3577 3994 4830 1625 3446 100 8235 7796 2378 9049 5144 1712 8182 5656 9687 9265 5115 2452 4843 6087
89 9656 9356 5911 8571 5209 6188 7511 7016 9023 6200 9575 4232 3566 7250 1027 5874 2372 5470 6653 7045 5766 9293 8529 229 4804 3159 3576 7181 4501 3878 8034 5767 2213 583 951 3740 5701 4308 8806 1583 5657 7927 9770 8652 263 2780 1663 5676 2386 5441 6398 4939 4599 2566 1203 2449 1806 7368 4379 2692 4339 8141 1381 6066 7342 8165 9468 1307 1968 4865 8519 8504 5159 7507 1786 6346 7902 6867 2240 9641 7798 2401 7998 4564 5413 1488 6493 5127 8011
29 7034 1909 1168 8768 8473 32 1425 6868 6021 3619 7500 9165 6118 7601 713 4523 2070 9173 8312 947 5796 9094 7239 287 3967 2955 3233 2457 461
73 4185 531 7886 1855 487 5780 5664 886 9415 7288 1521 7624 8968 7315 3057 9795 3966 731 7172 1883 5780 6851 9170 806 9246 7100 60 2826 9291 7619 4738 7511 2799 5175 6916 4494 1719 3971 5450 8382 3807 7594 8443 2471 1185 9097 2662 4269 536 8761 7580 4204 3588 1257 90 8848 1869 506 9976 9450 2944 9639 9205 4539 4071 839 7142 441 4994 9365 8297 4377 9107
