100
55 703 7158 1843 3941 7719 1926 8071 2648 1468 1775 6690 8570 1366 9973 1442 4224 1558 2094 3128 1487 7030 8405 4373 4507 6509 9003 3667 2470 8301 9733 7727 1046 1868 9142 1118 9905 3548 7588 9559 2522 7402 3611 4249 4767 4385 3003 9205 3283 9789 2615 7495 4377 4993 6786 7372
41 8399 9019 3542 3142 9736 4578 1056 1734 398 7565 821 3666 7724 6960 1819 4874 2645 3860 2511 724 8992 1437 4131 9815 1944 1792 524 5043 1566 6296 7969 5204 3859 6372 3032 5523 3972 9829 6268 5637 9048
49 1033 9152 7092 8396 6783 9413 5570 8133 9977 4924 4360 9139 7664 3762 6023 2433 8529 2245 8485 9765 2257 8965 1313 3066 9422 1470 7546 4259 4299 5779 4736 7396 9765 2500 4878 1835 2937 6933 6888 5906 7906 1788 8595 9310 2430 987 3684 4288 6243
9 3176 6183 3962 6942 9612 6444 590 4863 248
43 2979 9326 4954 9617 5206 4053 8995 1103 2867 2829 1824 3032 5746 5820 5860 7779 2399 2177 2554 3399 9594 8427 6438 8731 2174 7322 4702 4136 4950 4339 6096 190 8694 349 9576 5112 9254 9911 5516 626 5862 9348 7996
17 4600 3002 1040 3689 8657 1928 1487 1296 2085 7655 1135 628 7378 8343 3834 630 2096
31 280 4784 4700 7850 3157 5712 3671 3580 2316 4999 4676 9784 9050 7479 7169 7082 3288 8039 7495 1266 9711 8231 9679 8832 4521 8158 9946 2143 7993 3451 9323
7 5207 5599 6434 3442 4465 5329 2528
63 5295 848 2544 5801 5410 6804 2737 8971 7553 1932 8680 3682 3428 6506 7244 7268 8666 4958 8794 441 5320 1152 4440 1501 2897 841 7132 5275 3868 6947 3251 7021 6484 2726 6359 3338 5292 638 9665 2366 6994 5787 9683 3645 960 3721 6484 4814 7023 4743 6593 7696 7368 2478 1434 4563 4756 55 326 9650 6930 186 7139
87 7922 79 2066 5077 5820 4034 7157 1549 8100 4140 6370 847 4822 8266 598 2554 6251 6035 8483 4937 4465 8614 3447 8508 339 6320 880 2014 8277 9248 3811 7601 5320 4110 2289 1249 6672 507 8257 9799 4192 9947 7010 9377 4151 3400 235 945 728 4773 2050 2828 3034 6378 809 8774 1087 4149 7604 39 5116 5293 5855 6446 7844 1542 2970 3178 8048 9796 9440 3548 8544 8693 7849 7433 9734 9188 3858 9930 4528 5129 8576 2118 2429 8463 8918
33 602 8824 4210 8319 8175 1448 1922 6313 8116 9928 3442 8753 4464 2757 8491 5266 6984 8135 7994 1866 5634 8800 5188 9204 7461 351 7769 2772 1020 8096 3667 9485 3224
81 2476 6038 2955 5293 3931 9823 4630 1043 2759 7220 8905 2142 8286 4102 5888 6638 8065 6725 7010 8994 6806 8689 7501 8225 9841 1767 1186 7042 3525 7279 1824 6378 6362 7702 57 9196 5270 848 726 5498 1883 8608 3171 7965 5045 5614 9747 2865 5414 2137 1392 1837 6761 3463 3890 6100 1855 5794 3271 893 5812 2510 6364 6963 1523 831 204 307 8983 8231 3870 2399 9205 8355 9848 6602 1177 904 7467 7052 1001
85 6119 4510 3166 7083 4983 1012 3773 4657 2891 7473 9764 8525 6840 536 1148 5563 7393 1864 4700 6314 1646 8844 2610 346 4615 8824 592 7433 9983 1308 1564 897 2255 5976 3097 7540 5558 4405 4460 9448 4518 759 1542 2177 5911 5703 3749 4204 8170 888 1832 1584 3114 5527 4602 9005 197 3583 4950 5973 5512 2762 76 5901 5361 6819 4379 4761 563 3927 435 9778 527 7148 5395 4688 990 3810 4746 6215 4506 8755 9837 9053 1255
49 360 8552 417 2939 5183 6060 9808 1225 1866 9858 9976 3398 811 9782 7678 3256 493 4707 1718 4841 2675 7813 4912 654 8392 4332 558 8056 3020 773 3718 8295 895 2461 264 7200 5578 8967 9687 6366 6159 7577 5592 8094 7449 9235 3448 9411 7692
75 5875 1113 377 2520 8090 2829 4934 4686 586 4144 3350 6988 5773 1912 332 7957 2255 5162 7122 4493 6206 9520 7986 7143 5826 6010 6930 5746 2401 6513 2240 5173 6741 903 9125 3603 2191 1539 4428 545 3802 5502 2120 4898 7010 7818 6694 7433 3228 1319 1588 9522 1986 6233 8391 5715 992 494 2270 7716 3636 8029 4980 7286 6596 6821 3072 8727 4141 4753 6002 8769 6115 3901 8987
7 5194 6966 2697 9617 2256 8475 9556
27 2100 2890 3105 3856 1509 2828 4428 8717 5411 6249 1199 8939 8562 5347 8686 9883 9805 1449 5468 8068 8376 6677 3199 2002 2205 2642 4178
37 492 6461 3289 9487 9751 9858 2666 9764 844 4967 47 8275 1432 7919 2676 8522 5872 7788 6145 9594 2027 9746 3956 6588 9656 570 3220 5729 7988 1686 5661 4986 9691 1426 6679 9740 8003
37 8299 5532 4815 8697 5067 245 3603 3483 5482 5614 5671 9920 6451 1980 425 7466 9869 4275 8626 5611 169 3355 249 1472 326 9491 1645 1555 7464 5177 2671 8934 5357 6504 3890 4213 4328
83 1739 4224 8426 4853 5860 6214 6750 560 979 1598 1122 8382 8037 7713 3905 5639 8527 4927 7010 7244 8262 6925 1483 4968 4645 654 7104 6541 8956 1688 5921 1957 2041 4983 8385 9438 3754 4654 7766 133 31 3618 6997 4647 5542 4020 6382 57 5553 4220 2986 9418 8984 6640 655 8064 1875 806 662 5890 5730 4740 734 8028 2417 8064 955 2800 6173 1317 8003 3368 2914 7652 4851 1845 4686 3671 6351 5659 7762 8599 1857
51 8019 8601 7164 5342 5199 9140 3045 7766 9700 5191 1410 5049 246 5544 6775 696 5045 516 8152 403 7701 9060 3772 2646 5673 6107 3406 5404 5931 941 6136 5603 3389 8228 8510 9432 478 2779 9098 9894 9758 5875 9070 384 149 5196 2443 6891 5501 5301 5333
29 5896 7446 5967 9275 5792 786 5475 9504 4719 1172 1274 453 9365 1230 1670 5146 940 4207 3212 7584 7147 1233 2824 2381 5705 3026 699 4581 715
65 7391 9081 3076 3102 7575 9277 7634 4911 1585 5095 4288 1166 4242 2287 8832 3629 3428 299 9602 7503 7212 317 3830 4631 3857 5079 1118 3475 3497 626 1946 375 8690 7589 5951 9083 7006 6820 5992 1236 352 3602 389 9869 2860 8817 3214 1118 6032 7100 7519 6634 287 2029 3704 3894 3960 6948 5397 3602 4445 7109 6423 8007 9388
23 2213 3217 8567 7394 5200 2179 5543 2838 5567 1753 4649 7419 5414 4750 8311 2707 429 3138 5370 1060 8239 3569 5207
27 6716 1637 4248 7010 3474 7192 8730 6163 945 466 788 6172 9683 4594 8666 2353 1258 7100 1803 2155 5484 5128 8069 9001 8818 1227 5070
51 8328 1141 9272 9937 7081 6675 8738 568 8697 3673 1720 8211 9773 6208 8853 9014 354 3652 8115 1116 6851 9529 4719 301 9786 6021 8860 3716 3550 5574 9463 3776 5719 1200 6919 2377 7313 5432 4981 3751 2248 3867 2066 5432 9406 3567 6424 5817 324 8845 2784
9 8054 8562 2256 9544 967 7865 715 4588 7415
55 9296 9527 2195 5413 8688 7644 513 5666 3355 1280 8317 4388 8023 3651 5142 560 7366 5084 4906 9802 1777 7721 5454 6529 3794 9378 6510 4006 2643 3392 1743 4845 7154 9950 8084 7305 6022 6283 3938 7501 2501 7305 3028 1874 9481 8210 4306 7853 5503 7939 4722 7086 7555 3779 1457
95 5507 6421 6542 7837 7148 768 7996 3179 9584 3953 1761 607 1238 9477 7086 8025 5741 7637 6488 9348 8646 6364 5798 7270 2715 3945 4728 6725 8162 5646 9291 1593 4012 480 714 9908 3031 5720 3712 9083 9088 375 1238 775 3205 4038 6285 7078 5159 4590 8654 3122 2766 8832 6702 9043 1154 1303 7080 4495 9438 5556 2830 8201 951 2246 8669 1909 4268 1837 6712 5591 7696 2433 3822 396 8266 951 4298 4914 7533 9793 513 1527 8633 386 8009 5078 225 8779 9072 1803 9333 5930 182
79 531 6487 580 5798 4036 8345 6578 5192 1416 7778 5079 1727 4035 5050 4217 3989 4575 1368 4246 9907 8681 424 8052 7184 5405 2506 9364 2037 3257 2966 9118 9371 9593 3726 5563 3997 8940 3350 1161 9511 6455 9067 951 9630 6488 5986 1046 4704 9006 6559 6129 8141 3366 7325 1101 7510 1247 9574 2757 6534 8359 1064 7078 6492 9034 8366 2901 5346 3038 8262 2234 9021 273 7576 4186 2336 9187 3612 9605
89 8100 8082 4129 3819 5910 7245 4583 1703 4736 2247 642 8670 4129 2711 808 7274 4085 9498 7499 6020 1431 4920 2903 1499 5442 9618 3712 809 5918 5436 1407 1679 7520 8241 2973 7780 9007 6223 3843 9335 4651 8450 4759 3333 2524 6138 38 9234 4766 335 1938 3621 8581 2215 4038 8012 4873 6219 6229 1879 9613 8337 1612 4438 1871 6620 6626 8367 6383 5237 4508 6295 4618 6408 8196 4611 8288 1303 8862 5632 3584 9266 516 3741 6214 9945 5144 9468 1403
5 7237 3240 4070 7277 1240
69 606 1417 1180 1568 7163 3172 9584 9380 5878 8287 1976 9511 8836 5053 1629 6780 2729 5911 8244 801 7894 2349 9683 9419 6891 513 5068 1739 1336 8991 4285 2423 1823 4749 8684 1282 4445 558 4896 111 6611 3991 9137 6377 6234 18 2571 7053 2433 2677 4104 630 5984 1192 4849 3100 6 813 1104 104 8986 2069 4892 6210 4651 221 7382 5842 4500
49 922 2894 1937 7948 6567 2670 7930 5104 4913 4552 7202 9199 7716 8528 6080 8698 5850 8564 641 1449 3802 1960 4537 8680 9150 1186 6475 2182 1163 5176 7251 1456 3965 9703 3247 3594 9951 8323 1304 2545 5869 8336 6358 1720 69 6529 53 5229 8795
73 8732 435 3378 4664 7759 3863 6968 378 1453 9018 8077 7126 1855 6056 9971 880 1236 333 5074 4762 5214 7999 8335 7923 2994 8968 1063 2304 1242 7640 2892 5490 8549 5557 1650 281 9657 3807 1926 1073 2092 4837 4719 5823 2862 6316 1799 6448 373 8864 4217 9319 1903 2734 3420 6008 7874 1517 2662 3030 3976 270 5872 8972 3790 3067 6167 8028 1134 1198 4160 4265 6423
31 5431 8406 5968 3811 6058 6073 9500 4281 2260 779 5517 5881 5880 5340 1430 8670 3907 4168 98 2922 2765 666 6013 3971 3148 8677 4238 2878 5847 9134 3789
11 535 4749 150 4835 1995 8571 4152 8833 6096 2542 3008
79 8299 8387 831 9861 2376 7604 3347 5185 3904 5560 1072 8868 6644 5494 5917 4734 1756 4883 8654 3641 7354 1466 3362 4615 7607 2040 2254 4985 3507 6238 7185 2871 1615 6725 4187 743 1009 47 5166 2878 5654 148 7213 2097 5157 1326 5150 9884 193 2061 8571 3021 2232 6608 2850 2681 1710 1094 7370 410 1188 8759 222 2930 9249 6508 6751 2511 586 6833 1125 7824 8243 798 7898 9028 4941 8992 4120
21 2797 2729 7348 5283 4363 6578 712 8405 9255 6922 7973 5101 3157 848 6761 4628 6962 9398 2848 6216 2016
17 2544 4909 7497 7581 1667 725 4855 8678 6041 9825 7418 5967 846 59 2945 2742 319
47 5020 6234 6757 1880 1004 1742 1061 5768 5625 3031 1659 9076 2845 7989 9404 9708 201 424 9359 4040 7662 8076 9861 2378 3453 1740 2676 1439 9380 4062 6530 7711 2524 4295 636 4408 623 9873 9724 2534 6906 8844 4802 4573 6152 3764 1474
77 2733 2323 2493 1086 5632 9533 7723 1051 8727 7830 9438 6770 6132 5488 8272 1491 8093 1280 1895 6891 9657 8477 2681 2295 672 9191 714 5515 8433 4544 2512 709 1472 6568 8991 1563 6666 7935 1441 2162 4408 3593 4018 218 5554 1563 7281 8755 1015 8527 4441 3423 7013 1461 3838 5453 6598 9228 9837 2438 9710 8970 3285 7695 1077 9009 5903 9828 7670 4305 3852 4385 6089 3448 4273 171 4875
25 4755 580 4943 5567 727 9858 8003 6068 9107 1366 4899 6581 8625 4386 6382 7930 9116 2932 6038 303 4235 105 7133 9761 8577
35 9621 9505 6012 3589 9115 9722 4565 6646 2968 8088 2418 4213 5250 5250 6871 3497 9609 733 1037 5871 3269 9966 2518 8500 7255 4272 9900 1272 6796 3643 88 5725 2362 2496 4204
33 7026 6101 6850 7515 8339 394 525 8694 9072 6226 787 6140 1424 779 8513 3571 9817 8597 3271 9895 9490 7072 8893 809 5627 9871 7971 8619 4429 8046 2420 7761 120
3 6196 7461 619
31 8782 754 2615 6018 8095 6880 2907 3057 4862 1348 9602 74 2711 1607 1388 6815 3202 9693 5155 6902 5619 8711 9484 220 5655 5843 9388 9447 6412 2998 3886
73 9027 9104 9224 7554 2823 344 4317 7325 3698 9837 737 9575 5707 3060 3988 6824 2402 9013 2629 8687 6996 4164 1941 184 9334 6273 3912 347 6534 6341 4617 3892 8805 7085 4183 9495 6234 20 8430 8215 4258 1030 2631 4542 6544 2677 3872 6475 4595 9696 2913 5519 6146 3259 1157 6510 132 230 787 3533 6230 7293 4315 3640 9940 9762 3300 8708 4029 8916 2209 1706 9378
77 6282 2563 1530 2793 6653 9640 6869 6345 3083 1758 2381 9659 6244 4403 9493 9087 8926 1476 1081 6919 9487 8863 3345 6433 7285 3666 5600 7928 9895 8312 5435 8183 1081 769 1901 891 6666 9465 5778 3092 6238 6252 8838 5081 748 3552 9490 5963 9804 4229 8938 2969 8719 229 4424 6354 737 422 7254 4013 1344 4699 793 1459 4573 9044 2197 3891 7064 2164 8014 9857 4553 2814 1767 4316 4052
9 7752 3757 9722 2246 7510 5237 4032 6418 679
35 2762 4335 214 1981 2461 2760 267 1460 9498 1690 9022 2560 9866 7908 5267 7581 6073 6761 7981 6593 3060 6231 5704 8733 2455 9952 1516 2383 7466 6724 2209 8261 3482 2924 3273
51 9850 6961 4194 1140 4908 8751 9371 6148 8757 9966 2149 7999 1817 5645 992 5736 9849 4709 7401 71 5214 3001 5019 4554 7381 9653 3711 2821 9203 2214 5017 3020 2844 4219 6651 3938 5648 5801 893 8706 5248 8104 882 8648 2740 9362 804 4108 8576 8345 1043
39 3309 3492 1132 1321 4283 9470 9329 881 5784 9625 3288 1209 2431 5733 9292 697 4020 2426 7450 3968 364 3941 1242 8220 1124 9088 8255 9053 9466 3762 5860 7772 3794 9569 4072 1792 8918 6834 5431
1 7655
65 9249 6426 6381 2033 9799 216 2427 7457 7037 9365 4895 4592 2460 2778 4414 8940 7814 7916 9245 3207 7926 1731 1446 2568 1044 2399 5836 2214 300 5846 6367 8214 6124 4090 4858 1746 8978 3087 7655 9454 2938 4461 616 5731 4960 397 9097 6742 3302 1986 7991 1367 4327 9384 5271 685 6037 8094 9991 1321 8024 4693 8227 8749 6233
43 7400 3074 7095 1630 280 1431 2849 1662 5744 6289 9172 7349 4395 6632 6824 1072 2772 4421 43 7752 8894 2124 2435 3268 9316 4146 2357 4644 9592 5623 4002 932 7506 7259 8316 9462 1782 8182 368 7641 5444 3742 9409
79 9808 881 6487 2676 8179 5880 47 3252 1114 8637 7536 6987 6484 6543 5937 3663 2491 2554 321 4719 6291 1347 2394 5410 4749 1082 4183 7993 956 5835 7812 3409 177 4836 6065 4249 2045 7816 9211 2715 7425 7058 4140 7160 545 5021 3641 7790 7173 8157 338 2665 599 9601 8917 8790 4571 8072 1152 5456 104 8333 7320 2860 9160 6658 560 5331 4254 3226 5828 3891 1458 1767 1132 7003 2061 7317 2156
23 6610 4183 4636 8007 9236 2780 8670 6730 9874 9239 386 6628 1858 746 4395 5388 8092 2237 9481 8864 8914 2650 2184
29 547 2186 2131 6311 8484 4324 2300 2097 3288 5087 4448 385 1928 4840 9448 2515 1439 1231 9765 4136 5504 1109 8469 5739 8570 6578 6078 1425 6555
1 6379
69 6554 3880 2468 341 9334 1232 5412 696 7430 8765 6754 5410 2399 407 4008 8308 2448 9568 7268 1666 5750 9615 1002 984 6878 2095 6258 9929 3268 5916 3129 3548 5600 3501 5365 9670 973 9841 6318 4488 8486 4872 4299 2642 260 8720 2019 3523 9576 5812 259 6478 4603 964 7717 5762 5199 7937 9563 1731 3404 6633 1336 3087 8541 2298 1001 9927 9784
75 4925 9353 5249 9981 1787 7731 4584 6625 19 9233 4241 41 2110 592 7261 6110 2636 6941 1433 7676 2040 9199 5184 3506 7737 7582 6555 3121 6524 2398 9315 8887 8688 2352 4816 9382 2161 2063 348 913 6894 7388 8239 835 6639 9762 25 2345 344 2085 1144 757 9108 7074 1565 5196 7961 3465 4454 1198 3662 1017 3754 4950 6344 9094 6346 4747 8556 3471 140 317 1258 4817 3012
77 2551 350 7344 1502 3571 4514 4121 3668 3520 7521 8678 7380 6116 1051 9590 6572 4245 4404 77 6587 7285 3793 9999 1832 3507 19 3960 2505 4499 3190 3526 5063 1586 2107 1791 1429 121 9492 5923 3261 8272 7516 2479 2808 7182 1661 7087 2597 4459 7829 2146 6254 7441 8469 7400 6670 8677 7553 5823 593 4019 1113 9876 4070 8524 9959 2493 5512 411 2427 9927 4269 7083 2500 2409 9995 622
71 5823 9113 3804 3692 9512 1314 1823 5322 4140 4472 9150 4372 3612 8311 3271 5878 4143 7373 2019 245 4778 7404 1718 5629 1268 1978 960 5029 5210 7479 2768 8031 721 3041 8346 547 6677 8175 4855 8865 1324 5050 4404 7235 240 1534 8399 9907 7470 4341 8958 9665 7323 4484 5828 9300 8984 616 4787 3511 2761 2492 5558 6833 9122 1789 5771 6500 179 544 6489
55 3303 9054 1964 4020 377 5662 6425 2048 2667 6086 468 8576 9891 5626 4553 2552 4305 2041 9735 7701 8539 5147 5121 4724 8796 4146 4254 9120 9544 5001 2118 2348 8303 8334 5761 6348 8939 2590 5266 22 941 3765 617 6336 8658 9564 9655 8655 3869 7444 9820 9110 3178 4426 8620
69 8775 3825 8316 1628 5754 734 735 8734 9997 6038 4420 8222 6341 7551 3319 7952 9501 3793 3565 6663 1380 7267 6664 8101 3342 6797 115 7520 5701 6128 7257 6286 961 957 1148 5595 3853 6725 9187 2996 2212 9440 3030 2610 4742 6781 6688 4059 8026 6162 8334 7256 3435 2101 2081 3422 3712 6287 8472 4383 5061 8014 784 4289 5096 9872 8 4105 5846
75 4703 1889 4225 9358 4040 3249 149 2372 2172 5196 3074 8236 1467 6429 4302 959 642 1681 3491 1551 7949 8398 32 1220 7472 3635 540 4990 6505 4611 2064 4811 2136 3051 3645 2856 6985 8034 9277 6651 6245 5019 9039 8512 6853 2596 1994 9157 8083 6040 7555 9484 2230 706 3964 4490 1548 4619 3792 519 2795 4804 7572 4439 6146 6822 5988 4386 2169 6937 3433 6175 7303 9314 7850
23 2446 4763 6110 1833 7864 7532 102 3934 1613 5486 6914 2240 9057 5287 2609 9750 1591 886 5823 4261 2034 8381 1482
85 8453 684 6572 5397 4530 9646 2197 9243 7845 1405 246 9637 531 6934 8712 865 6458 6814 3672 6055 6399 1963 4970 4352 8763 9046 964 1187 1400 5069 8400 2988 3746 2600 7117 3250 3592 9481 2622 9257 9884 4375 9687 4511 3739 4373 5839 3481 4962 9437 7586 3144 9360 6284 4030 7625 8725 5021 121 9264 8062 3426 6424 8729 4493 2912 3239 6316 1446 4515 5970 2745 2985 8425 4332 2970 3836 1291 9872 1300 8240 6991 7078 4680 4663
47 4718 1667 6909 7892 3800 4499 3635 3972 9878 6227 2837 581 8090 72 7531 4329 8413 5612 3515 831 106 249 3989 7650 5221 6558 2187 1779 5395 2950 6911 43 9594 6524 4784 4293 6473 6405 3872 8718 2919 7690 6391 1503 5017 9452 9528
85 261 5754 9279 9030 4712 7076 5522 2279 8002 6114 7098 8496 6636 1272 9005 864 6742 8358 3877 7474 895 6644 449 8029 952 9998 3265 6599 9101 6436 2523 1992 1979 5246 2986 3254 4496 7795 3138 6962 5625 6203 9925 9598 9243 964 6133 4098 4600 9058 3710 6726 2864 702 2690 3792 5000 5502 1860 244 3741 952 1601 7041 6463 9076 8540 4424 2654 5190 5089 5178 1092 1928 3944 9809 5617 4049 2383 9718 5773 4216 3877 6399 6316
85 9485 5682 297 956 8700 1326 3381 7152 6102 4166 3039 7560 391 8290 2726 5368 2938 6899 3543 9014 1335 3769 4512 8468 7795 8008 187 2744 6889 5247 3509 6310 2195 9532 5075 4918 4499 8469 9126 4066 5568 8379 6225 6023 847 5465 7592 5509 5289 4015 2454 9751 3969 188 6474 1129 2385 5357 4982 7171 6747 4805 1604 8604 4252 321 7224 1464 9797 7057 8140 9097 8817 2644 4230 8677 8558 5829 4909 9650 4485 1703 9184 2053 582
51 5329 5560 4713 3770 1531 4807 2769 7503 8758 8247 2968 2442 1595 3644 1913 6138 781 8179 970 9515 260 4265 9077 2263 113 52 165 794 9581 3601 8321 118 6015 5046 3719 9624 7307 2248 318 1143 4959 2282 4879 7243 4168 6740 6041 7429 5689 453 6525
97 4451 4985 1739 4554 237 6979 2099 5971 454 6836 6319 3203 8347 8290 3348 3657 8338 9926 7266 9904 947 6280 3796 9645 3308 2381 3075 3085 9678 8187 3376 2395 6620 7327 5253 4655 2700 9502 4549 8122 1903 1695 4472 8429 2736 7755 8938 5633 366 840 6354 4011 1706 2942 2440 1860 8430 2068 2763 5670 8363 3499 7661 7250 76 4059 1762 5283 8175 3793 8987 4231 9473 5711 9515 7286 1215 6727 7355 1701 4742 9025 2959 4875 8367 2553 9984 8794 2697 8450 2085 3244 4928 1515 4084 309 6095
59 3848 5051 8117 1261 5846 2443 7019 7840 7961 8347 4489 5395 3700 6173 531 5689 81 1287 8420 9059 3637 2545 2042 2834 7028 4936 8415 5991 6264 8184 1926 1885 8035 4892 3717 8988 9387 1943 7709 3331 6271 1946 4504 2245 7334 4020 2520 9509 5856 6107 4040 4230 8823 6982 2500 1514 8298 2237 4905
9 6514 4728 3331 6970 3346 2943 5564 2356 9119
37 3902 1653 2732 3124 5225 4816 3791 6826 4142 330 162 4366 5048 7681 2317 2238 9284 2890 9304 9247 6841 4329 5031 2470 1177 9723 5138 4272 2572 1314 8195 2407 7547 8425 8645 3307 4318
11 6164 5107 1250 3169 209 265 407 5694 8966 8589 1991
71 3203 6860 5146 6414 4791 4505 1131 5789 3318 9201 6124 7058 6627 9234 342 627 4809 3777 5125 9557 2230 1264 4875 5004 523 8978 8441 4158 9934 9235 5988 9793 4486 6780 2791 8440 9384 3982 10 2365 7319 4840 1065 9185 4675 5257 5101 9424 270 1053 7063 5450 4138 303 1627 1915 3318 949 5552 1632 5062 8843 2206 1415 1881 3766 9499 523 3227 3442 3228
23 928 7648 6322 776 3297 3040 1575 190 8169 2709 3184 6573 4293 9842 4074 4313 1616 9584 3936 2323 6976 7837 2522
95 8073 7161 6697 6003 5100 5315 2280 3990 5592 4875 3196 1279 1071 3562 103 2841 71 9719 7059 2901 730 4391 2828 2431 1737 2894 71 9829 2068 5132 4945 9236 6392 2684 5136 6625 8985 8388 2519 5817 9920 5783 7739 1579 8336 3013 8854 2918 4461 1888 2893 4934 7786 7035 9830 8898 1702 6037 3944 4149 2619 8956 2656 44 7494 8211 4918 4007 9926 1684 6177 4531 6451 687 4947 7880 4839 4799 1121 1702 7976 1276 6357 6187 3050 8589 3679 8120 775 530 5162 991 9642 5957 5425
41 6541 5922 9997 2776 5718 6082 6579 8432 6422 2222 6908 7031 3283 2921 7297 9571 7595 4178 2410 3757 4697 1777 540 5339 1023 6356 8709 2097 8408 4834 5566 4702 3187 5425 1676 999 9060 6872 5754 1396 8713
3 1334 1905 8429
75 7603 7519 9662 7430 8412 4125 166 2691 8423 6840 7183 5139 4526 9275 6630 6381 6164 2721 5187 3698 3206 2593 6031 9222 1512 2724 8643 4083 2832 2881 2997 2477 6954 4168 6211 6764 3930 4919 2019 9913 9216 2102 9047 3770 8256 4738 3512 3596 6039 8406 1565 3467 2281 5992 3401 2319 2277 2495 8589 1094 9148 9516 4078 1665 1072 6179 669 66 9509 7699 3606 8823 163 1905 2649
57 4556 6629 144 9008 2047 4250 9080 4471 4047 3310 2506 4937 4896 9705 2682 8103 9551 8843 4644 7679 7200 6592 6171 2328 9889 5793 6863 1436 3661 360 3198 3812 6918 4073 4964 4658 5181 1557 5037 262 7005 812 6570 632 3627 7971 8630 2092 6731 9154 8118 5627 3545 5254 4426 9625 173
15 707 2709 9166 9051 4623 7937 2788 8355 4435 286 8512 2177 6906 7563 413
97 7297 855 1061 1175 3499 1861 8229 8817 835 7070 9720 808 2069 3396 5043 6770 156 9400 4141 812 6504 8402 8817 9879 1466 2370 3182 9736 989 9349 8089 7308 3524 8994 2408 2952 6687 8681 6083 5533 8678 1145 452 5925 2473 2034 8313 8193 6354 2791 5525 1051 1371 6573 7339 6475 6422 9803 1035 1613 7833 852 5587 6274 1779 2972 5391 5866 7266 5562 8854 2195 942 1176 781 1134 6765 3263 7200 6263 8551 7635 8178 1333 1033 4469 7030 822 194 1494 2496 2271 1695 8402 6622 5998 1667
23 6367 5090 7483 7166 2366 3643 39 5438 165 1428 215 4891 4233 4707 420 2076 1586 7729 4596 2665 2385 50 4571
49 5806 5745 6628 2656 9879 993 8704 1675 719 2593 8300 8443 5168 7845 154 4178 8877 5410 4216 1604 155 1336 4469 7040 6268 4361 5426 5376 5507 9330 6384 3080 4441 9117 251 6223 5911 9254 7914 3869 7410 4713 861 2810 5301 9201 3616 1573 9225
91 9108 1014 9973 9993 634 9880 2322 9529 5747 8522 3712 2710 133 2098 8149 8041 8737 2375 9608 7548 2131 9833 9311 2255 8643 1954 6440 5511 5727 6981 3259 2781 7754 68 7296 517 7420 704 7172 5326 9577 4020 7624 9757 8099 6646 1259 6758 3284 7069 3646 5216 4474 8521 6798 673 6414 2616 9300 4654 3086 4916 2234 4429 9440 6957 2661 3760 6354 734 7839 1484 5369 6493 1606 8350 2099 835 1195 1630 6053 8165 2310 1971 3424 4197 1336 1243 3197 5918 1639
77 9820 279 3252 289 7401 7637 2743 3014 4308 111 5118 2766 4280 1818 2147 1 5985 283 505 3374 641 2388 7008 3294 5392 3934 2596 8832 9211 2173 5433 7211 3839 2065 5880 3746 8810 5107 6347 6889 3053 6472 8419 8043 9308 8526 3740 7934 2990 6634 1498 7826 2494 4690 1907 152 5150 699 7704 3189 3434 9587 7185 9447 6735 320 4937 5322 196 2851 3158 1751 7926 2268 2318 9644 1292
7 1786 9037 7530 1477 3643 4671 427
95 2130 4282 3739 3690 9573 4496 1251 5333 1326 7577 69 8533 6591 1975 2507 5295 6136 9776 5984 890 8416 798 3020 7915 8212 551 4928 3681 7447 3194 3753 5182 7648 7654 2392 677 8687 7834 6449 9763 452 1810 8151 7324 9226 8105 7133 8958 2251 1101 9048 8655 9438 7200 7570 5486 8171 3564 5304 1521 3318 9843 9385 4891 1930 1604 8103 5234 9313 4943 4377 713 7956 7660 1940 8198 9572 5620 729 6888 9862 9445 8437 4847 4948 1153 2720 152 8738 58 3487 6678 7883 6329 1660
51 3055 3695 2588 5513 7998 4398 1136 1947 1919 3929 4312 2315 1017 4053 2807 1105 6299 8884 7418 1217 2276 3073 9957 4182 5234 7023 2237 5130 8094 83 2734 6202 7410 4015 6560 9283 1106 1095 3949 366 8125 2229 5971 381 1025 2183 6649 684 7574 2018 4390
33 4386 5446 1144 7365 9366 9372 6490 2163 8794 2003 4842 5294 6546 3014 9077 9704 3964 8555 7956 4690 6779 5755 8668 8983 1768 2321 7257 6270 3109 6693 3373 9065 7145
59 5965 8419 2817 1950 4399 847 384 1520 6403 9836 9200 4098 68 5881 3487 6908 8891 20 1584 3610 3244 7173 9454 9911 3025 2485 6810 7009 803 200 1549 6144 1608 2337 7854 7348 8207 9930 7496 5296 6937 9398 9003 7310 9020 504 6918 1193 4012 6534 8361 7326 5819 7164 5033 9160 5540 2246 7427
91 8514 5663 7883 5228 8124 6826 2662 4105 1670 1668 6295 806 5202 9238 8662 4084 2915 3234 9758 6113 6005 8875 8033 8224 2019 6086 9020 9727 1589 3267 7757 3967 5370 1842 4619 4973 2832 6469 7841 1160 8180 8309 1563 3110 4831 1473 4023 8161 7125 8360 55 8535 2467 5636 4944 3932 7555 7020 1523 3734 3862 3505 5612 223 5891 5334 4155 4863 5573 2815 8497 8485 1360 6691 2633 5064 2405 7921 4095 2637 1975 7247 4808 3627 3037 1155 3541 611 1142 9456 4084
51 1152 1403 9982 8333 8548 9694 8256 8292 1324 5215 6963 6304 2425 5075 2154 6661 3646 3020 4447 3210 5507 292 8531 8922 5865 2363 397 3682 7737 1436 2780 2771 89 711 6630 8397 1495 480 4446 8792 1278 9972 3845 5787 3654 8279 4497 4797 9055 6285 4290
97 7744 534 3295 5547 246 4316 33 4175 1787 5313 6008 9019 9309 5438 9820 7069 7284 7753 2261 2215 3443 4150 8368 7822 3353 8339 5628 3255 5739 4256 4583 5076 2066 1426 911 2140 9980 7872 6338 9974 973 2851 5072 7849 4399 3700 1773 9445 1693 9482 9382 2507 8372 8015 4091 2284 7453 2751 3538 1528 6522 8340 5589 4093 5266 715 3040 3499 4102 3000 2553 7511 2662 7948 390 6872 3338 6133 5622 3481 5883 5714 1729 6090 7832 7985 7977 8955 6766 2634 9906 8755 5857 2773 5855 298 6712
43 3870 3877 8834 5983 355 2091 3226 8402 3895 6696 625 6886 4720 2914 5525 6221 7108 8493 865 6518 576 5839 2411 3870 1514 164 6001 4482 9268 548 7058 7923 5181 358 503 1577 4026 6975 7787 691 7922 8730 3154
