854 830
561 738
102 656
504 696
303 268
567 482
607 15
760 721
329 15
795 99
46 787
520 845
361 605
205 3
540 145
484 68
829 576
11 459
130 114
308 619
800 199
138 817
150 129
667 829
390 726
457 473
674 45
725 389
459 836
742 390
202 420
688 490
61 575
217 785
96 751
562 843
244 404
429 521
419 73
114 626
236 376
464 581
617 562
121 681
80 359
806 202
538 321
605 129
662 378
198 147
26 467
539 834
660 774
651 287
827 18
237 718
591 205
244 319
446 131
724 397
853 192
264 484
447 548
570 429
194 610
327 257
184 794
642 684
618 221
412 385
703 256
739 783
579 455
555 511
836 66
185 221
583 378
678 128
781 119
500 195
769 34
84 57
513 322
569 752
473 573
781 722
504 830
519 511
331 532
522 355
321 404
634 298
65 472
158 853
805 261
712 564
446 577
489 358
582 172
200 551
651 686
598 250
241 821
382 134
653 290
620 276
483 411
143 319
28 609
528 753
631 406
576 292
580 356
768 400
307 736
497 376
80 96
445 389
120 224
221 131
549 674
10 712
193 478
461 709
436 48
576 554
790 20
730 609
380 202
474 766
221 853
794 309
344 618
549 555
718 808
140 385
176 368
524 331
375 522
52 260
679 757
757 796
620 278
615 607
121 543
516 11
576 6
752 14
392 79
631 601
310 47
133 387
806 606
351 353
300 795
406 401
127 351
388 336
160 109
63 331
783 841
771 485
741 619
380 150
242 829
467 635
732 474
684 636
752 29
736 47
108 213
586 223
808 447
631 526
555 108
818 811
121 603
183 534
421 519
506 76
61 581
621 37
74 549
802 674
615 414
223 184
431 285
474 762
158 363
794 78
657 748
161 509
654 106
190 255
275 116
275 41
613 610
213 331
265 315
153 56
609 757
462 362
473 645
388 480
460 609
488 57
782 588
529 458
251 590
578 174
335 73
245 5
802 89
116 816
824 803
649 404
780 200
213 522
550 849
785 11
22 240
104 637
419 218
767 577
465 90
94 398
374 701
353 300
758 1
740 807
86 803
248 806
298 375
593 660
625 331
301 447
769 646
24 670
510 429
456 191
348 259
196 360
646 815
2 614
125 416
650 445
490 738
349 497
499 382
116 364
564 502
52 708
162 320
428 456
648 471
252 312
501 538
632 441
55 459
492 597
130 314
402 621
782 564
118 764
648 401
369 756
764 850
521 304
335 776
732 254
386 639
217 127
418 849
601 336
400 170
146 555
261 665
303 592
727 8
399 740
796 263
203 485
635 259
608 714
405 132
153 658
273 393
123 672
413 170
152 525
799 655
273 565
14 707
150 432
678 65
97 650
47 423
60 422
253 481
131 746
621 473
504 20
499 841
678 575
175 620
28 269
72 680
212 65
319 781
366 607
842 594
722 420
525 839
783 635
634 380
130 152
23 693
819 531
666 350
788 523
339 472
439 352
80 613
661 623
50 79
17 408
444 146
422 729
121 526
740 769
352 184
101 351
184 184
716 135
35 542
105 112
273 253
83 328
430 806
773 563
513 372
76 79
188 668
218 759
356 59
718 291
211 17
563 627
852 184
521 179
435 661
696 714
665 54
802 113
65 168
375 575
536 500
259 547
227 589
307 634
504 472
191 369
791 256
765 833
148 756
303 614
216 188
467 168
616 444
739 342
433 376
759 743
68 822
658 243
678 117
673 180
498 727
602 50
365 13
803 656
288 558
578 663
277 113
811 701
498 817
37 630
840 839
654 228
278 351
663 22
116 772
768 313
669 337
697 358
83 125
222 242
89 575
674 741
110 757
446 500
81 296
26 253
765 299
355 702
843 624
607 619
387 231
9 716
740 487
194 115
779 374
254 131
698 497
339 12
591 110
607 152
200 477
662 63
662 381
819 77
817 75
670 412
141 64
582 67
381 471
177 729
308 175
574 777
234 752
357 408
841 27
346 577
685 540
271 490
724 629
175 439
745 325
508 147
137 683
189 14
34 490
602 633
475 539
245 337
613 62
712 54
651 492
339 524
553 828
617 297
841 262
727 359
482 459
254 88
161 277
674 156
668 297
475 414
153 569
436 355
207 247
583 451
662 630
138 165
587 731
399 370
367 726
420 184
262 441
451 177
763 415
718 548
163 98
533 591
204 408
83 367
650 181
742 791
311 590
179 623
498 675
322 11
24 426
67 414
340 727
328 719
420 462
157 266
671 374
568 631
845 439
427 225
809 592
212 585
346 273
401 476
736 656
610 556
799 781
504 190
501 800
589 349
378 526
146 293
347 489
60 6
654 357
643 642
303 102
425 571
411 581
416 321
313 35
195 655
359 61
825 654
356 210
288 828
341 517
377 835
65 499
689 744
376 823
521 185
226 5
484 554
411 524
670 167
712 225
539 608
36 504
75 215
258 26
136 593
790 758
180 332
407 459
137 56
266 658
708 254
347 313
626 577
547 562
561 554
700 387
199 23
304 184
710 113
289 846
581 200
433 149
742 357
409 552
240 190
259 498
425 88
738 542
837 455
544 552
260 385
251 500
827 759
840 413
479 186
19 50
635 115
684 336
619 269
170 476
719 281
612 778
781 286
31 400
342 503
108 380
56 453
250 632
154 570
472 447
782 30
368 793
691 447
11 50
574 311
411 735
359 474
711 650
765 727
228 777
421 656
378 237
187 383
327 61
756 650
146 367
395 96
690 700
804 265
761 104
51 116
569 216
113 688
579 581
97 345
369 753
561 582
57 779
101 327
309 721
826 75
82 633
752 221
227 701
126 506
225 107
288 304
633 269
226 339
338 616
628 130
488 168
106 608
423 719
503 611
26 157
275 286
110 30
787 394
721 689
26 392
265 440
296 660
541 270
137 729
29 852
232 634
683 483
834 613
487 662
412 671
216 461
371 544
659 619
586 381
679 108
825 12
183 227
555 669
456 734
32 288
457 719
32 266
430 722
552 758
799 537
170 784
424 568
277 334
722 32
241 151
741 276
712 706
358 420
777 460
758 511
406 658
85 516
91 532
2 9
182 657
756 664
177 439
397 496
293 144
492 490
90 788
729 216
571 700
1 35
736 646
343 474
543 208
817 302
233 646
129 780
850 275
678 199
710 132
501 117
345 580
458 223
831 681
536 315
193 748
541 390
162 558
213 388
631 389
400 57
371 827
707 830
507 369
471 68
488 510
734 390
336 471
20 495
444 246
594 273
634 339
803 694
817 412
321 120
158 653
423 568
345 165
607 276
542 368
667 315
631 742
280 607
242 238
195 117
649 139
71 433
161 527
734 286
853 118
633 365
271 75
626 412
161 397
556 425
307 1
129 796
187 262
686 46
483 395
597 670
418 476
699 320
241 815
448 704
391 833
795 39
590 243
500 331
810 601
117 576
696 433
267 744
34 70
705 198
261 211
45 253
643 72
170 430
767 547
620 699
124 188
426 418
827 296
134 254
343 786
702 239
532 39
241 670
318 41
836 72
152 503
503 761
238 473
575 821
214 233
265 370
525 259
724 161
495 3
344 670
814 9
604 570
120 204
446 37
716 745
20 527
662 580
712 369
853 650
57 666
618 21
97 566
610 748
303 651
660 672
784 432
191 138
476 715
630 112
768 603
269 617
103 561
420 307
690 767
832 574
832 670
340 336
614 736
265 738
312 844
500 625
38 598
358 301
120 202
64 527
439 245
94 213
334 448
139 756
623 422
840 512
230 192
87 158
226 559
547 799
356 609
323 348
787 403
87 555
680 566
396 538
462 194
