886 861
280 362
14 459
812 349
96 712
240 672
80 303
709 47
825 48
531 787
211 247
309 680
105 553
2 445
98 431
577 338
849 618
139 286
204 655
231 151
761 135
471 793
641 235
526 484
780 52
768 827
66 146
171 64
57 491
287 435
196 282
658 290
662 661
763 457
389 555
485 750
59 860
768 388
140 214
851 45
199 564
173 88
664 75
468 833
564 108
621 91
290 772
605 122
130 51
321 134
300 343
405 510
544 664
61 693
678 570
723 41
642 309
573 70
317 49
447 295
520 2
873 282
501 535
12 142
227 641
151 692
180 643
10 504
331 662
48 625
320 119
493 700
707 165
709 417
777 251
312 637
585 737
83 35
198 267
379 535
128 265
746 705
477 411
524 602
105 201
283 432
439 867
382 552
683 600
646 513
750 482
366 459
454 63
313 31
253 614
409 737
588 825
690 769
92 272
59 815
389 268
731 157
491 429
788 500
562 632
150 520
521 714
713 314
853 735
311 188
109 164
759 760
731 94
13 10
194 86
374 825
582 317
786 110
106 443
335 26
649 831
685 280
763 291
880 426
777 297
19 589
873 655
181 119
421 664
391 276
507 643
207 543
470 134
622 560
474 593
745 551
304 441
862 876
610 431
836 779
492 436
107 116
749 145
143 622
585 842
662 293
136 619
865 686
835 740
509 729
485 128
614 536
355 52
123 366
778 433
46 413
533 70
285 755
243 833
49 632
744 509
596 560
4 29
762 848
14 725
654 374
671 442
757 591
421 115
374 821
575 34
780 874
304 267
175 24
218 444
79 537
640 791
159 376
347 385
79 590
664 613
790 860
567 495
430 290
576 755
148 249
421 240
100 184
735 264
182 625
722 152
222 834
48 540
19 579
431 9
672 407
96 136
738 240
284 458
46 635
362 268
579 374
524 874
90 294
686 724
864 583
439 760
327 273
503 705
856 40
612 629
216 148
466 322
506 132
753 866
778 195
43 262
545 120
495 413
291 677
625 582
442 238
219 281
10 109
667 64
325 209
109 434
596 317
825 106
333 201
517 424
219 394
654 814
411 655
582 758
651 796
411 213
46 756
549 837
879 278
458 224
339 790
329 713
410 544
593 443
346 547
455 354
788 127
800 868
318 151
531 747
99 671
712 215
644 192
732 2
878 224
670 443
702 337
90 540
424 560
620 271
542 114
638 572
107 423
240 276
10 714
546 510
476 162
404 502
21 777
238 786
646 584
833 21
707 538
490 684
585 169
5 793
748 478
602 847
590 719
285 251
340 68
550 176
553 612
473 361
367 513
522 763
193 670
89 510
188 543
34 75
359 715
514 62
545 643
551 345
641 331
868 708
119 398
48 420
438 597
358 184
563 192
316 379
399 531
400 857
602 523
419 562
207 529
506 292
159 819
650 335
223 812
747 529
186 614
314 173
799 511
314 264
101 542
27 814
260 24
857 524
322 239
529 308
679 376
516 363
332 445
253 538
647 433
725 772
567 696
552 665
18 793
407 170
417 267
743 290
840 187
170 800
535 57
102 23
265 57
277 33
268 267
658 82
858 15
875 37
740 152
238 592
442 434
587 510
335 813
87 627
530 280
712 374
771 111
303 728
648 513
613 685
331 78
136 669
819 521
39 124
43 4
188 742
242 592
599 499
867 492
191 237
472 389
874 76
564 303
331 378
284 504
463 477
755 781
219 664
94 858
170 262
756 505
197 295
454 340
782 272
130 426
487 677
681 188
609 567
13 656
284 499
120 140
193 674
52 335
241 853
336 392
361 628
374 211
541 384
817 598
149 535
162 685
94 250
404 223
865 427
239 172
321 695
460 422
584 673
95 107
258 799
564 473
715 769
189 707
741 314
337 176
507 492
174 614
399 13
503 874
392 605
797 30
333 795
9 778
93 578
659 693
279 618
823 328
147 384
347 346
238 601
424 856
59 324
330 603
838 228
82 450
683 810
128 644
364 70
274 299
815 170
206 46
161 174
128 666
277 358
835 97
163 796
391 458
631 677
453 764
357 285
31 90
409 747
296 873
180 93
217 244
756 473
612 591
156 580
555 161
769 844
333 524
522 136
137 736
219 337
628 227
234 205
748 868
300 293
671 19
220 449
282 337
385 430
458 614
87 390
336 25
804 760
420 390
346 363
575 533
780 99
312 794
64 77
692 182
643 788
21 101
21 220
818 878
23 560
595 765
256 857
685 190
465 694
187 847
170 298
587 461
404 233
412 205
117 540
565 856
810 327
533 208
200 158
244 814
821 815
773 845
393 93
402 477
333 670
565 554
594 740
705 260
874 556
38 38
72 257
67 416
652 660
387 114
415 699
279 861
25 856
205 578
272 881
22 57
150 626
386 591
785 331
521 739
837 213
337 121
366 412
833 785
786 392
350 41
5 401
220 782
107 553
143 364
689 886
552 212
655 117
295 38
806 552
181 759
596 323
127 632
847 192
510 347
424 99
140 737
293 100
720 150
761 618
706 689
348 348
429 712
475 271
866 478
425 793
492 363
532 584
416 20
854 677
288 501
866 803
141 766
273 196
748 145
866 192
798 460
280 34
389 631
680 616
176 698
338 465
595 338
839 340
314 69
829 450
192 410
823 647
304 365
230 128
648 441
539 509
827 861
454 187
825 413
796 201
524 34
734 710
841 813
411 388
206 830
97 767
461 306
187 199
141 838
435 107
837 257
12 826
75 678
220 334
734 347
492 297
844 721
855 371
382 160
479 456
288 228
107 415
225 581
4 661
360 541
187 419
650 733
544 306
575 372
346 182
424 408
416 391
227 33
234 3
630 840
264 883
94 46
219 322
252 720
866 214
526 176
541 451
387 812
27 402
214 171
630 872
258 657
873 87
159 280
458 224
404 402
876 67
95 118
706 166
843 382
824 593
707 216
322 19
485 757
85 417
558 52
272 702
799 42
723 639
842 812
304 87
292 856
843 398
494 653
162 564
752 735
344 767
321 293
364 98
314 613
746 766
33 91
321 140
232 632
47 475
821 532
244 761
857 861
731 389
91 74
498 353
51 222
711 577
116 325
867 327
792 144
59 774
885 697
611 697
557 629
717 532
416 242
698 430
573 790
187 559
76 247
470 679
327 829
300 298
735 350
570 48
684 368
804 560
776 431
103 180
845 80
342 422
384 176
152 111
14 711
417 482
604 587
636 688
797 721
570 291
306 804
269 556
393 219
459 59
554 298
877 154
508 691
59 293
567 621
534 56
290 296
458 503
78 300
25 853
855 722
884 318
99 856
561 653
520 532
766 711
811 254
253 461
447 531
738 861
485 491
339 592
220 115
567 530
432 393
614 838
162 178
199 754
477 372
307 44
514 843
490 501
427 478
635 388
648 588
18 831
385 744
379 582
146 739
403 763
78 642
439 63
139 521
167 565
433 114
339 330
767 336
695 87
639 48
542 569
582 103
827 288
107 757
142 611
522 777
335 386
815 66
240 772
437 168
859 333
523 555
95 381
56 204
20 804
600 463
325 306
712 257
679 59
514 555
7 723
276 115
688 81
732 697
748 824
407 467
855 676
266 367
57 218
771 269
34 591
112 851
151 193
354 186
339 604
574 402
570 591
407 855
111 587
168 195
657 833
523 777
825 603
309 420
734 546
27 766
345 698
70 376
434 413
681 253
309 577
532 632
13 464
885 575
390 425
883 479
526 307
631 831
135 610
508 688
796 621
298 274
474 702
652 204
13 275
799 405
337 766
510 334
439 216
488 616
376 485
177 137
192 760
49 728
98 327
756 290
659 805
116 807
457 25
221 885
725 768
48 330
35 633
578 728
502 233
13 165
291 637
764 795
360 691
506 817
844 455
818 253
672 302
477 354
74 878
486 272
443 886
460 328
321 678
816 711
97 31
102 212
53 351
125 783
