676 579
364 480
182 201
102 517
642 494
601 662
547 609
247 120
177 49
465 155
658 267
95 74
232 409
608 367
116 311
511 311
577 339
378 535
444 262
618 213
138 311
139 231
433 466
182 650
389 472
50 498
80 511
639 622
638 211
383 384
150 85
174 580
207 537
523 284
305 351
656 1
559 51
373 406
656 466
161 534
484 581
88 585
401 73
417 254
277 320
595 600
307 429
213 241
254 207
292 103
323 223
590 519
404 476
379 674
126 68
190 644
192 59
538 459
239 579
28 223
263 522
590 437
431 12
568 474
535 600
166 598
414 417
189 220
152 122
562 474
400 409
78 38
28 281
115 365
181 296
301 529
667 417
664 616
274 3
390 299
387 491
44 363
419 137
163 619
382 224
431 634
86 186
233 116
424 382
657 659
236 124
246 532
251 75
675 107
628 94
461 415
28 170
658 425
273 506
505 179
520 640
426 6
411 127
627 527
90 88
656 276
154 6
446 633
400 437
561 80
523 222
184 487
405 640
233 398
163 225
389 13
242 658
334 672
66 211
299 277
126 179
64 397
486 266
219 371
562 568
289 11
575 49
570 41
49 445
209 546
512 381
108 363
486 610
664 43
539 249
668 169
505 356
192 568
584 382
618 268
391 127
459 273
481 424
524 246
256 645
143 288
524 105
383 84
136 573
548 292
77 208
540 481
572 565
144 223
379 165
614 479
430 508
29 91
325 533
641 73
609 54
208 140
597 499
500 227
28 299
355 51
80 52
628 368
530 86
260 513
181 583
628 611
337 90
28 244
417 293
327 398
371 150
256 394
215 407
263 493
157 673
487 349
50 170
534 353
535 502
383 228
475 213
27 512
64 323
629 396
246 624
62 263
398 71
222 594
177 101
6 106
470 631
188 160
613 445
82 582
628 441
146 190
594 421
571 357
312 393
230 71
331 547
618 447
99 583
501 540
26 8
10 169
142 328
450 408
493 223
502 75
415 440
528 393
405 296
548 151
168 79
232 255
48 431
380 175
367 202
460 377
471 663
164 119
465 189
345 649
437 359
48 140
398 581
358 77
13 113
33 350
297 121
549 32
573 368
154 25
557 195
459 215
519 489
363 651
550 535
455 141
290 16
472 449
163 174
591 12
520 262
658 225
311 575
656 93
306 124
57 568
400 94
4 156
584 143
357 469
442 536
285 436
498 43
67 627
203 512
207 557
338 555
20 330
298 124
645 494
557 480
423 635
198 68
387 38
273 117
452 134
520 268
671 604
577 36
662 331
181 411
666 182
531 327
175 601
501 437
294 265
311 494
243 175
296 377
66 302
260 261
197 351
229 213
190 672
634 85
169 244
559 150
193 381
80 248
378 371
430 339
366 128
126 245
14 204
219 307
675 604
14 20
133 88
342 419
625 46
366 468
514 305
275 147
525 290
528 318
145 296
77 386
34 269
473 458
627 483
649 548
352 620
51 438
277 572
539 119
91 197
128 527
13 402
184 254
326 446
287 596
293 305
46 665
328 453
31 674
397 343
296 486
396 498
254 472
285 138
270 612
675 461
625 435
671 270
571 471
625 158
171 559
68 330
391 198
404 149
197 421
329 373
294 563
69 592
486 433
294 139
415 178
133 668
261 141
335 168
225 606
402 532
84 22
132 37
583 193
440 491
297 432
457 541
369 360
590 342
107 526
309 368
234 442
426 507
659 441
491 560
567 396
22 144
372 63
216 636
93 464
397 546
176 554
237 627
193 516
142 521
247 402
320 356
585 455
135 238
321 52
354 459
341 474
506 230
19 114
441 120
389 210
505 668
294 613
8 120
161 336
449 327
675 505
212 429
222 266
522 569
467 254
313 471
241 250
350 203
141 532
15 252
420 169
426 514
153 648
436 410
205 278
452 439
619 14
44 601
264 416
607 18
131 532
329 279
629 456
81 233
63 240
371 158
376 88
164 427
481 423
486 278
248 356
133 609
451 530
208 128
637 468
347 620
243 23
364 220
534 196
254 511
615 186
654 321
15 153
663 291
332 221
73 623
219 30
347 152
478 396
447 310
368 305
244 7
47 169
548 33
427 609
141 31
582 55
116 3
297 191
491 316
604 355
316 314
379 73
425 591
362 522
271 267
455 47
536 656
245 241
500 203
585 160
334 270
7 261
575 125
118 35
45 364
215 145
307 383
423 658
333 567
613 457
422 503
458 561
176 386
500 168
526 493
630 403
494 268
362 305
153 474
362 282
391 495
78 420
609 675
348 509
225 597
182 237
566 387
492 524
617 189
147 483
134 605
325 659
432 305
221 57
293 37
16 666
573 167
115 334
476 514
240 147
314 324
626 158
221 642
565 555
492 352
355 631
574 123
542 620
279 485
76 390
556 650
611 567
8 613
257 647
409 487
478 97
420 667
128 282
209 307
8 635
343 629
562 364
216 209
236 563
300 445
256 554
517 55
642 121
79 261
398 307
407 262
653 377
535 106
12 119
525 527
567 532
70 286
547 474
559 176
286 671
503 187
233 592
467 422
367 9
295 186
31 111
654 124
520 322
492 371
508 494
165 147
536 437
298 485
129 497
268 330
574 549
566 144
419 489
126 27
664 26
659 619
41 140
202 242
269 366
543 334
396 362
42 14
