237 382
43 123
124 218
173 149
95 149
213 172
93 179
124 78
126 157
92 38
87 6
31 216
93 200
231 109
186 216
176 199
136 122
97 93
200 26
193 149
207 198
115 167
173 161
203 192
26 145
122 44
36 126
222 68
133 195
85 166
97 110
187 145
181 171
11 227
19 40
211 156
174 204
178 13
115 201
42 48
148 91
195 117
152 134
12 221
145 56
30 109
69 45
104 92
121 210
169 59
8 139
122 211
98 147
194 237
196 143
49 35
19 231
30 103
42 223
102 107
140 119
162 155
231 87
186 72
43 10
177 156
73 34
233 24
52 45
85 88
126 184
18 122
21 105
220 81
187 75
10 81
21 197
47 214
120 156
87 109
2 98
59 69
235 40
236 76
26 69
2 80
98 181
69 219
87 98
151 232
104 148
37 69
80 147
183 51
14 220
34 32
124 76
124 1
71 223
17 98
228 32
102 55
28 104
218 87
23 84
36 217
29 151
30 228
89 48
157 100
113 226
181 207
84 132
3 108
49 2
73 88
115 149
127 79
5 98
207 66
169 2
13 225
16 67
41 193
124 180
77 202
227 208
17 152
114 19
233 152
224 98
39 84
63 26
165 192
161 87
186 156
218 170
13 32
196 3
29 37
59 62
32 228
149 152
72 198
193 146
72 218
11 184
93 28
165 62
53 43
106 230
125 107
218 28
131 107
81 76
25 82
105 179
97 228
121 185
142 213
172 108
205 216
109 6
168 160
72 200
224 71
141 24
155 6
73 102
154 74
202 229
137 174
14 192
26 117
187 103
164 46
28 92
26 214
26 81
15 224
40 93
63 226
127 4
148 213
5 158
25 83
37 8
119 179
79 96
1 140
220 49
29 235
146 85
69 71
23 131
87 27
29 169
59 40
9 146
58 217
85 123
172 209
78 148
210 215
80 18
125 32
167 225
135 192
120 144
189 85
77 29
24 215
135 139
128 165
168 180
196 206
32 86
35 180
73 92
88 189
109 109
160 60
177 14
144 217
89 218
122 86
228 44
14 22
154 90
110 133
62 137
180 52
65 43
107 113
95 114
11 226
222 44
43 169
21 187
196 78
15 102
10 107
117 234
172 140
149 158
127 127
41 140
141 60
1 93
167 208
162 127
33 40
192 101
119 75
222 78
155 226
201 91
17 145
1 38
188 50
191 194
120 211
100 214
63 177
122 138
200 91
10 167
7 102
26 134
58 85
16 36
9 39
153 105
54 142
109 112
91 15
191 14
229 154
27 175
109 25
175 213
134 132
29 140
235 166
54 119
6 219
196 54
51 8
215 114
28 110
124 169
174 70
161 112
121 116
104 107
27 37
181 131
162 4
171 135
28 174
216 9
208 34
212 231
29 63
151 44
103 214
65 114
171 116
15 30
88 177
170 30
163 207
132 45
158 12
38 167
159 237
207 171
82 219
211 53
210 23
46 26
69 96
198 50
144 98
86 75
223 129
175 154
76 36
4 40
135 185
170 163
168 222
82 236
12 82
135 83
213 188
198 24
218 77
139 51
16 75
52 71
94 24
180 58
88 36
85 138
166 9
227 40
27 237
166 182
15 55
143 210
174 217
129 222
139 33
217 233
17 71
227 123
127 153
170 19
125 31
155 72
100 203
209 67
26 186
196 76
110 211
233 104
122 68
128 130
171 103
122 117
223 101
154 184
50 139
151 111
140 41
47 30
163 69
185 149
33 168
163 155
138 86
102 115
