267 261
164 110
120 119
116 51
259 225
8 32
98 48
18 36
188 26
235 117
111 97
141 181
91 9
6 72
97 185
61 70
220 223
60 144
49 205
110 170
160 73
42 217
233 54
25 113
84 168
98 188
46 67
170 87
194 229
225 115
229 202
246 92
47 41
90 97
181 88
246 5
1 144
179 13
67 177
126 253
174 48
211 225
159 45
145 138
239 221
187 258
122 57
91 48
42 65
88 191
221 43
51 222
96 227
233 245
19 146
242 234
120 224
242 181
192 209
86 116
17 42
77 250
63 172
215 55
107 68
27 227
140 229
90 10
227 244
104 230
130 243
18 76
150 206
154 15
29 75
9 46
256 261
139 165
61 214
10 22
38 202
53 233
223 128
125 186
75 6
99 246
107 18
16 165
144 205
93 101
11 8
93 172
226 80
2 168
232 209
40 240
188 220
258 221
146 27
42 170
194 170
83 137
78 6
2 21
153 87
164 106
48 192
127 225
202 204
203 251
17 220
180 45
239 201
92 12
261 78
240 137
195 55
98 21
164 186
64 247
169 13
32 183
155 100
238 26
106 102
123 137
160 146
262 219
29 261
185 77
225 249
23 255
59 67
97 90
23 131
233 157
18 188
104 97
235 2
140 116
256 214
267 184
72 214
87 144
16 107
100 148
49 261
62 78
106 124
71 130
237 230
9 160
252 5
76 245
68 82
92 75
144 26
182 61
33 104
220 201
207 210
42 206
41 99
120 168
45 204
43 65
216 78
164 60
183 89
266 205
105 81
207 178
191 199
79 173
4 85
27 201
5 206
260 9
134 160
111 38
188 74
140 52
208 227
35 127
85 31
117 30
74 179
122 217
187 185
257 214
46 159
58 80
235 6
248 237
89 167
171 185
109 136
199 230
41 120
58 97
110 240
145 21
140 166
199 86
105 25
223 62
167 85
174 135
212 228
217 92
57 40
131 233
184 134
156 198
144 173
40 195
233 231
72 201
105 100
264 112
174 240
60 95
227 166
187 218
132 190
209 19
75 214
167 72
120 259
173 112
151 202
122 45
83 101
161 211
79 52
62 147
243 98
148 152
27 80
184 201
135 95
140 160
64 123
157 166
156 232
198 94
153 158
214 20
223 138
191 149
38 63
139 176
31 103
19 101
58 10
207 1
179 242
198 166
263 181
215 65
47 71
166 83
