1000 1000
406 424
23 265
473 469
273 260
653 386
982 516
911 924
345 152
832 212
663 808
548 125
858 223
695 797
955 63
818 692
723 256
266 11
462 269
53 161
442 830
504 760
856 53
145 962
798 531
914 967
207 403
282 867
808 791
114 365
790 954
651 768
235 580
605 909
468 820
112 728
552 428
269 962
93 720
832 276
965 430
690 723
218 838
494 918
993 986
123 183
102 29
793 816
944 480
251 71
567 828
790 723
339 170
462 670
150 919
957 987
402 919
463 357
827 172
949 979
55 442
476 176
775 463
670 537
745 602
517 704
894 921
739 494
197 186
586 811
530 986
618 283
149 81
822 102
852 208
223 245
926 88
698 460
562 448
58 169
82 179
849 695
947 371
630 256
676 909
502 381
184 790
324 273
20 939
638 600
531 251
146 26
232 879
18 87
542 180
164 280
749 598
717 917
907 751
619 169
870 200
140 268
411 27
355 268
619 222
268 460
571 719
970 45
597 826
368 565
873 45
542 988
728 412
992 352
680 898
340 416
717 448
535 618
943 94
625 50
869 405
622 950
689 235
816 428
509 697
257 238
812 422
230 532
644 364
348 580
266 308
648 442
786 855
411 828
270 384
286 420
316 56
932 305
769 603
450 217
186 427
256 196
253 120
883 289
995 560
820 290
237 270
60 442
860 845
520 137
337 219
867 425
976 262
963 848
366 794
784 310
410 819
364 138
990 722
551 89
458 414
31 955
492 325
520 328
530 675
807 492
833 838
667 857
94 660
792 935
91 944
804 128
657 561
123 84
158 390
922 25
500 246
261 257
318 547
764 149
775 120
851 233
557 535
244 333
756 196
480 530
57 849
212 531
743 115
12 964
878 777
112 725
119 570
403 355
719 836
546 320
121 903
51 548
874 587
318 555
435 904
578 723
875 660
76 115
583 339
274 907
716 601
264 872
745 322
699 308
360 878
808 296
517 834
177 26
744 78
609 722
760 124
809 660
510 41
633 869
592 438
90 108
816 316
322 612
796 62
678 649
672 957
683 667
134 816
401 513
336 76
119 137
310 925
663 931
776 449
653 258
21 161
538 110
377 840
410 405
793 416
94 736
552 712
501 307
394 354
221 23
812 242
160 867
591 706
237 668
468 226
52 248
682 125
461 130
652 23
766 165
815 740
710 471
250 804
148 910
251 321
314 393
21 46
840 386
902 821
263 427
510 714
394 232
819 770
953 943
48 135
310 517
127 239
136 841
575 961
934 88
584 836
932 112
344 233
798 730
39 698
144 663
554 618
382 592
740 810
116 42
343 868
850 191
294 153
25 820
526 658
567 358
554 722
624 216
507 707
867 230
835 145
327 559
401 608
796 504
267 12
804 786
292 455
598 927
889 956
463 794
14 199
463 712
792 738
553 967
61 700
846 637
867 237
936 297
741 152
586 976
177 484
645 298
530 419
994 916
99 272
551 282
419 924
884 967
13 922
155 102
59 430
95 655
365 114
721 320
810 778
179 538
955 229
116 152
134 707
423 103
831 194
805 500
684 362
157 126
248 378
577 586
756 917
242 439
303 871
62 566
124 599
350 862
993 967
294 758
301 742
773 854
577 170
120 696
429 798
364 265
647 655
161 519
703 635
134 403
706 827
45 81
953 471
514 944
795 213
251 972
258 472
727 631
803 135
420 390
247 508
802 910
502 970
403 870
677 430
459 137
385 129
215 88
307 172
417 689
163 723
986 272
757 356
224 960
453 292
992 302
940 106
413 146
163 288
448 399
643 275
700 298
301 305
620 330
656 385
845 643
388 50
894 95
4 9
926 134
199 360
621 487
217 421
653 742
950 391
146 222
374 357
274 527
426 406
424 464
931 281
598 932
236 318
294 495
863 55
656 470
318 969
320 76
540 753
119 28
847 231
568 68
616 289
216 506
648 83
386 919
763 531
117 514
81 174
551 988
153 916
407 423
304 778
972 218
378 904
128 424
229 344
154 674
452 85
202 32
44 830
29 64
634 981
921 835
580 770
750 316
844 115
171 673
257 684
259 767
477 257
481 932
183 136
424 167
236 508
933 720
95 457
377 540
35 170
515 914
531 127
286 420
861 999
513 765
49 597
578 665
579 903
522 492
143 198
591 162
993 800
347 868
125 978
980 496
838 538
410 520
690 68
839 872
759 658
122 6
518 717
766 754
570 121
135 843
696 84
111 754
856 571
192 630
367 824
359 944
336 229
160 472
842 670
266 876
114 144
377 430
294 695
756 732
941 19
457 987
958 801
751 562
998 652
850 515
520 148
593 724
842 763
532 646
433 949
761 612
963 237
671 467
647 568
179 670
888 426
504 385
363 222
902 314
297 605
222 204
393 28
585 925
86 380
251 90
743 265
270 507
701 276
324 705
527 529
480 695
261 768
291 130
193 73
327 140
939 730
960 740
93 411
187 396
623 928
348 146
116 742
338 287
603 94
285 465
20 611
606 341
962 334
874 351
568 647
534 738
353 762
865 20
929 232
962 413
519 756
935 140
707 686
236 978
891 112
668 682
530 6
733 227
602 723
166 751
923 206
441 366
299 947
738 225
370 141
379 124
399 671
588 195
969 797
39 365
718 496
378 659
397 847
121 450
91 458
350 487
43 704
586 71
67 642
605 783
15 225
781 264
812 513
748 953
318 699
409 792
369 772
549 926
434 710
639 473
512 498
853 355
617 374
152 785
562 435
488 632
374 14
205 148
602 682
58 381
933 56
306 620
626 835
92 581
609 439
373 6
961 705
713 504
822 104
89 708
487 720
489 841
635 472
718 218
316 980
990 197
500 896
669 55
219 987
691 862
52 833
581 815
840 661
933 271
458 367
433 632
392 54
749 167
283 81
67 480
816 683
969 719
65 452
763 991
334 100
860 73
692 389
460 948
402 521
743 361
669 822
926 332
351 740
923 502
967 979
823 178
512 607
536 915
349 637
698 430
177 465
287 949
832 850
428 381
202 975
962 568
960 747
923 939
997 521
663 191
731 35
874 357
152 945
727 977
215 294
296 647
147 257
101 956
526 605
346 58
911 986
756 79
291 157
62 157
267 236
135 199
125 633
358 603
137 860
510 636
743 23
810 889
852 473
103 905
725 473
269 969
732 272
647 536
353 774
504 344
973 473
604 558
395 886
509 527
847 525
331 863
772 101
118 240
271 939
13 100
602 303
967 431
923 188
4 785
309 57
975 787
120 613
838 579
79 765
821 799
795 601
113 633
408 207
586 921
882 939
636 656
629 113
406 310
254 746
602 943
837 130
997 378
713 358
179 435
771 815
126 121
787 975
731 416
387 748
114 739
927 839
507 401
960 758
171 440
308 471
448 654
439 540
542 520
835 805
380 674
772 588
656 643
442 560
147 570
12 925
508 812
678 53
928 391
214 847
560 913
866 856
545 862
502 273
308 55
511 721
266 24
964 251
434 222
809 721
150 498
201 330
614 301
363 979
8 102
854 422
39 243
121 249
76 507
623 894
189 236
595 92
370 605
61 150
798 989
990 596
69 287
179 594
333 458
555 145
717 836
268 398
999 809
728 324
517 770
928 8
957 331
801 259
582 527
833 20
542 180
592 580
871 410
864 968
84 874
367 887
46 659
68 548
583 182
666 951
865 84
766 342
728 725
627 535
16 686
942 957
49 252
815 782
397 949
732 219
73 786
896 73
727 725
830 738
862 499
79 186
36 276
532 304
471 506
458 394
789 365
978 705
597 333
701 151
534 424
813 522
694 782
217 964
65 413
225 955
194 487
143 90
560 783
464 21
696 359
745 165
837 965
472 260
365 470
221 616
496 519
138 798
351 923
534 487
604 235
320 500
603 689
823 352
928 14
473 6
73 103
529 192
260 761
235 639
90 973
99 829
834 200
650 608
776 440
360 152
950 957
888 391
77 993
789 39
955 546
117 663
375 280
654 781
917 762
360 516
962 947
160 984
890 143
309 938
272 677
599 535
290 605
639 796
608 805
505 154
754 379
643 731
464 686
517 931
364 915
139 29
481 323
201 469
537 600
448 747
298 21
126 286
548 907
123 46
542 242
763 797
972 390
815 591
234 969
941 493
381 638
710 505
575 930
63 907
617 690
338 535
446 958
223 884
580 396
962 134
586 604
642 352
362 805
606 847
339 592
300 422
75 473
501 724
383 466
948 414
636 874
526 175
15 374
461 417
364 769
262 844
817 984
518 736
279 154
743 951
398 257
645 788
958 6
498 19
33 869
52 580
388 801
715 927
542 627
940 508
358 50
763 914
962 953
206 379
720 570
548 230
232 545
418 81
757 127
592 774
251 344
974 653
181 238
867 304
775 82
745 132
657 979
611 617
764 785
887 876
724 151
9 389
217 983
409 957
337 969
686 565
297 464
229 103
472 653
596 729
351 750
655 25
907 226
331 824
439 308
239 694
874 821
247 820
697 916
757 633
654 253
3 808
562 878
228 409
188 382
883 551
752 598
932 615
593 419
625 891
201 247
312 173
325 989
183 113
146 880
849 684
257 209
28 77
