100 100
57 96
95 90
43 48
72 61
65 58
27 62
9 65
80 61
82 99
40 49
32 97
94 66
95 84
6 97
90 9
3 42
84 47
54 89
3 6
74 49
46 43
59 34
97 61
22 92
29 41
41 51
11 87
84 40
22 98
97 41
91 21
98 64
11 86
18 56
76 60
58 24
62 80
58 23
90 57
75 70
5 52
48 87
20 66
94 6
6 17
22 66
25 68
99 58
3 82
19 10
1 15
49 93
64 43
84 58
7 18
50 79
44 34
1 7
56 33
39 38
75 33
5 25
96 46
1 52
64 37
55 39
89 16
17 13
1 6
64 69
92 9
45 32
8 88
89 82
46 91
30 43
91 24
17 14
53 74
83 80
97 16
32 35
4 10
94 97
49 22
72 43
48 39
27 91
11 69
97 97
88 5
94 71
26 96
72 25
36 71
80 1
13 29
77 52
89 97
36 99
