100 100
80 74
57 41
36 66
79 49
43 3
19 1
71 54
58 48
51 96
14 20
40 54
72 23
48 52
90 98
93 81
49 81
56 12
33 15
73 61
49 5
86 80
93 6
84 5
78 11
58 61
39 88
81 1
61 14
17 71
22 54
72 70
54 31
25 39
70 42
70 68
20 86
2 19
49 93
78 63
34 43
3 78
57 29
46 5
83 61
64 38
68 93
35 13
9 100
36 81
60 17
17 31
66 60
30 81
72 86
31 98
38 9
24 97
7 96
53 28
78 60
60 30
92 29
3 49
62 95
21 89
49 65
54 73
49 8
83 10
51 16
94 60
97 1
82 7
42 22
33 50
32 11
31 64
18 6
91 50
35 43
53 80
52 2
78 42
44 15
85 50
31 26
20 21
61 7
37 33
22 57
77 85
49 55
91 59
45 97
78 54
70 39
23 35
65 20
34 7
3 3
