37 52
-159039631 -480702451 -871011174 -530783069 -97596320 -740910065 -995855398 -238387478 -50870445 -451473868 -350841878 -67797272 -790504844 -305391239 -398056664 -958621873 -240045711 -714260617 -978257934 -315560709 -654004255 -608024854 -790767729 -922274061 -235535629 -543585594 -251137206 -377969385 -69738747 -744244701 -198558262 -390990100 -879407718 -241773782 -601536731 -465967798 -803090786
29 24 
7 16 
11 30 
23 19 
11 22 
27 25 
21 18 
4 5 
10 3 
1 3 
27 17 
15 24 
12 4 
7 13 
6 19 
20 2 
22 19 
9 18 
14 28 
13 12 
19 13 
26 12 
24 9 
28 21 
10 5 
11 12 
27 28 
11 20 
30 3 
1 25 
8 29 
10 27 
6 10 
20 10 
6 4 
12 3 
1 22 
4 20 
27 20 
16 9 
25 12 
12 9 
13 27 
19 7 
10 12 
3 13 
7 26 
18 4 
27 9 
24 4 
24 6 
3 24 
