48 52
544625214 713698102 82948702 243493657 485102440 833047100 787904042 809811034 483718811 360560385 215543001 839028392 592010501 898245930 135565934 216695394 517582004 818450532 597822608 708862456 343576287 245944677 713288416 506608629 335561066 872156250 212786116 135441458 885980019 579752181 176598840 837018862 677211874 651652041 851891701 281532234 288294185 617795062 455947915 719093171 403651354 735272518 281539768 289235479 996313423 142764100 78772875 52866896
11 25 
20 18 
9 12 
11 18 
10 18 
12 29 
13 14 
10 2 
26 14 
27 26 
1 3 
17 28 
10 12 
5 27 
21 16 
11 13 
18 28 
11 29 
26 19 
24 1 
14 16 
17 20 
25 21 
12 3 
7 2 
16 24 
9 20 
30 3 
20 30 
10 9 
6 28 
5 23 
12 2 
30 17 
9 17 
10 29 
22 17 
5 20 
7 15 
3 13 
29 25 
7 4 
2 18 
25 6 
20 24 
8 4 
3 28 
30 19 
6 16 
18 25 
26 29 
13 24 
