70 53
152145557 786925247 993561733 -444093581 -490642057 193996883 -728555971 167642845 868666466 -746720539 -787712326 -715497836 937345335 -727684904 744913138 -384179931 -781800837 427854528 797358760 -128381757 -279899656 -537763930 834909584 -224832553 23386705 57514866 -508992412 322319699 -903208498 774981958 690420498 330230965 -124923754 -226433255 -190973068 -487426516 47379788 -985544864 -137283704 816436385 -976374739 -361879292 962243711 968681314 354555331 -953172888 450607838 632294179 -582572685 -560349097 -232775630 680945661 285103211 -316398855 675103989 818251143 921271582 -26908800 298386940 -603370798 -602243108 43523714 -228985794 56504422 689095563 -108990250 520368351 -966304952 -884973168 -857317380
12 21 
25 1 
2 14 
3 26 
25 12 
26 6 
6 25 
19 15 
11 14 
9 16 
24 27 
8 15 
27 26 
29 10 
17 27 
3 12 
30 24 
9 13 
5 26 
24 7 
10 8 
9 1 
9 23 
22 7 
21 27 
26 13 
26 4 
23 24 
11 17 
15 6 
15 4 
19 8 
18 9 
4 13 
4 18 
13 24 
21 22 
6 7 
25 30 
6 4 
24 15 
13 22 
2 9 
8 9 
21 13 
12 2 
27 19 
20 24 
20 23 
13 10 
12 27 
25 8 
6 10 
