45 50
-537701792 239746279 9334065 -900679919 -663438325 248044063 -202391048 -872349676 -257110948 -201482855 -960891654 -129211491 208863176 822408305 -971103950 -524335952 -890441257 -728038956 -6594056 -303232088 455467607 43270323 605799499 -957631500 -867441203 -997775219 -824994734 -550482164 -605664075 446802873 -699922059 3621816 320328007 -310735220 985135442 -186233964 -610077909 989775401 -140792807 120419432 -881591691 -679425856 -185800589 805619302 577792416
29 30 
29 26 
20 14 
30 12 
27 4 
16 4 
4 6 
10 4 
29 2 
27 15 
1 27 
26 16 
12 2 
20 6 
15 21 
27 23 
15 22 
29 1 
26 18 
11 26 
18 14 
27 26 
13 12 
9 19 
30 13 
26 10 
11 6 
18 15 
24 27 
14 13 
3 9 
3 14 
15 10 
12 3 
30 4 
5 25 
10 2 
7 27 
8 28 
21 5 
11 17 
14 5 
19 22 
18 24 
5 24 
28 4 
4 3 
12 24 
18 28 
28 11 
