-999997307016000454
-999991221349813132
-999985788070297053
-999933594746281118
-999932172585019485
-999928103323502240
-999874900924341866
-999874364054536375
-999858608403568393
-999816783487418114
-999786437802721962
-999785729648585874
-999784292250247876
-999781572808370062
-999701885948439652
-999685241006178305
-999681347146319092
-999678279441831352
-999614417912170756
-999561737339523716
-999558935560946391
-999500978308858053
-999477049796561407
-999475829967907666
-999462926611121955
-999427738031112305
-999401125427396242
-999306599169185857
-999234585417319840
-999222115748726566
-999191552143217150
-999191552143217150
-999143991154723152
-999141712870022585
-999131570872215723
-999019442392362871
-998952479568981827
-998923355809502473
-998914206648040199
-998911290075334150
-998891753267466251
-998832179327504361
-998806746663788161
-998795198604262429
-998760035099429890
-998718228655675315
-998691379436533778
-998669794788083110
-998651791495290516
-998635516108723542
-998625728611501544
-998623604400846555
-998613437710317766
-998481099557911496
-998440650800204418
-998376917216062251
-998331842154656269
-998309736675546279
-998232055271764044
-998137215917349357
-998047965176517518
-997981788965286616
-997975745118965012
-997850439389478629
-997811612849893445
-997776729605102374
-997773804448988402
-997741507516856464
-997686348213370524
-997639523318208082
-997600333603611412
-997590974223819683
-997428011276454349
-997380475813284255
-997344641147497420
-997267634812467046
-997258439809835130
-997229287033914009
-997181781134869988
-997137593307742435
-997131944549510342
-997059313045826022
-997000225875274281
-996989291664974814
-996951268833449035
-996899160135899888
-996890405971551697
-996886218410850422
-996886218410850422
-996868836199097290
-996849475839891657
-996763617976838580
-996668643793994875
-996617429334382596
-996573781758422336
-996509523806397931
-996464725171987602
-996423741447569152
-996342206910394554
-996325879004343601
-996311960169307202
-996283043911196339
-996255432130619547
-996127888203498878
-996088812471249526
-996085443039844930
-996059334322053048
-996016434743143773
-995997376950357611
-995947836745348461
-995872741455272035
-995835451311517008
-995826265276780363
-995786969936932181
-995575169842543796
-995537658925482370
-995475842223274592
-995434142423400822
-995396072921188913
-995377275430714727
-995261863239608671
-995040541429610031
-995039027720222833
-994968994822802668
-994934581177115625
-994930063852517836
-994659963306033901
-994608445744961134
-994193193494351794
-994020745762264879
-993867598015386124
-993773664206977927
-993750084082838208
-993551980230251914
-993534713489238642
-993521235455851640
-993519295225642849
-993479060121164107
-993418177778919708
-993287005563262614
-993250584378317348
-993165256260386515
-992990526886848675
-992940760596384763
-992925387297398653
-992701903152232599
-992654616632741501
-992548272769828772
-992407956886157549
-992345539525060147
-992297371337343917
-992273665597277370
-992243094056201820
-992238355836098446
-992101500570469951
-992039729223868043
-991985374033217420
-991985374033217420
-991918362957432596
-991877248119032503
-991822552637021717
-991788218049461599
-991591762573060276
-991572476041039874
-991496925574482534
-991485492685567458
-991338040238239391
-991169960177243201
-991139653053086868
-991059427255718631
-991012829465634266
-990842502431401260
-990745134668563757
-990720031254674538
-990623910789986510
-990576931220116876
-990553592668085570
-990546615898032523
-990535425938674171
-990464345300688730
-990337355398385193
-990274078856756904
-990274078856756904
-990052881165630899
-989933934971766287
-989901881441411644
-989843928723119945
-989788098890494497
-989771095983007500
-989660321911664455
-989647750126754671
-989535457315787251
-989449555125283422
-989425615722722985
-989196221565019626
-989057113539617568
-988986886838822082
-988970636859761746
-988701128910057448
-988676401697281165
-988641961636603127
-988603309173997072
-988524814348879563
-988501473996509831
-988391914458610604
-987967937775166548
-987923212699666131
-987892444562520884
-987848349657613227
-987845027782543913
-987793060933563416
-987675807226182418
-987669819262350725
-987602009148528225
-987447590204919991
-987441289125172001
-987235624082657698
-987183759830566580
-987097783266365912
-987014890607988573
-986923228177334656
-986841580280724391
-986779481499662244
-986647750973809484
-986605140353355162
-986371258236804784
-986139637697139114
-986114961341859829
-986092890194134469
-986019705805714905
-985827319937620843
-985600921586392130
-985587634685988996
-985569935723231544
-985385015585914343
-985364449166550462
-985348929697210972
-985142209711964094
-984930904415798011
-984870383099869803
-984846029609399515
-984833929381625648
-984817474203559216
-984694801450697348
-984670885448150248
-984501058091379106
-984290398468507540
-984172843769508074
-984020457175392233
-984020457175392233
-983941614689545252
-983833155710995176
-983818563277205263
-983801531505329356
-983756418365385401
-983576205341104902
-983567997037188268
-983429894337007778
-983168675820949078
-983126887579425366
-983033262771544584
-983006631780464226
-982883080306189813
-982811056609233911
-982674518454202498
-982611874187827865
-982518504773365269
-982450626992803244
-982441446316506280
-982367771671528938
-982310211798200952
-982111691371161071
-982053919341145421
-982022229165632467
-981826442891849188
-981792424288937894
-981782969058902813
-981667505091753978
-981374117157052979
-981206968190603696
-981179355303485913
-980995065887733786
-980786454162047489
-980307279385632549
-980258351347876363
-980140694122720890
-980070254620892540
-979909950601289226
-979904128608573095
-979689993076942437
-979657139243641484
-979531748946629892
-979377747612506710
-979068330868565745
-978887087690314860
-978721514034032272
-978634878959626929
-978087752928477807
-978006507199787196
-977855777806659138
-977831641201577725
-977823275632048367
-977769326016329480
-977394773326263847
-976926496797550527
-976912496419061646
-976518706057356370
-976299690320764396
-975923611792326188
-975913577929973528
-975759493661311696
-975743176789187329
-975714382821565352
-975644365347725333
-975445305731156722
-975416731139397404
-975385856497242171
-975205472338572673
-974989914105677853
-974881781160909973
-974853031542893082
-974474315379724597
-974458388698222670
-974303127651803493
-974258770312844791
-974252542133887044
-974045657431114451
-973691273588683443
-973606651447564754
-973594163505823560
-973557303138434114
-973535135141186927
-973517762186357209
-973308544849321927
-973258602549325177
-973133180459149247
-972154433071042683
-972151878090052700
-971937063252963941
-971832459473362447
-971627563911239433
-971385614819318939
-971369505598114785
-971184010193445472
-971101309334494959
-970996372780407731
-970957212051684878
-970856949837754835
-970703167145082316
-970379184704704779
-970367258320382423
-970315970771274624
-970168269243012440
-970135492720202836
-969342878349975134
-969298473136823593
-969024891476690259
-968920110898813479
-968625004525326372
-968054780219698151
-967846908474430824
-967405435466942749
-967124755328379644
-966997172773188702
-966967977466981649
-966958705292252536
-966731166189403646
-966651649330874791
-966480186395986603
-966480186395986603
-965963696057132375
-965903718853535165
-965837407944425266
-965712448977380749
-965679255928129092
-965600613744257411
-965600613744257411
-965455451881050085
-965246496468290265
-965228798282326166
-964938487294353096
-964770091917827438
-964708578471788790
-964664772488849301
-964536399665000415
-964248127678671283
-964165012291182655
-963914655180369816
-963701013701731176
-963131106671676024
-963038033530701596
-962934095903578234
-962848468385723328
-962605537264552793
-962206929300019304
-962158312918100733
-961913828625718983
-961643160772613844
-961643160772613844
-961571764217847565
-961486061604179417
-961471409912427838
-961403623588823407
-961095134221150106
-960981000619924714
-960334972831184663
-960210274641324990
-960188570183136487
-959930864401256680
-959661801838856010
-959577397866830103
-959473089330009896
-959098854577931081
-959041407886779074
-958456286597724350
-958232591282507728
-957644802116727442
-957548010107088779
-957548010107088779
-957305703934874088
-957162827985496223
-957150212079583401
-957063829909007219
-957014799940207196
-956907811519734309
-956212595135910082
-956074174254479849
-956069509929031454
-955968525119340373
-955829940974867086
-955795079728940625
-955548305701327429
-955305241398448011
-955275937109588599
-954965328971646252
-954947074370163049
-954880542947135543
-954484229647572342
-954346718645123581
-954114216896050776
-954057817841123764
-954011623934778527
-953716784948267011
-953578772147133148
-953158876160819453
-953108257148968545
-952793986590637349
-952554530537774324
-952422440353479800
-952204647711400703
-952094083239772338
-951934547254433733
-951805094267086463
-951703950622591147
-951619381280284546
-951339013236627241
-951149434654597503
-950465203134372136
-950417894574252631
-950270738738955118
-950119452008316340
-950015230427695782
-949583409142567935
-949434731200019060
-949296096971252900
-949091786640549547
-948608988344188607
-948410821196879177
-948269906553881498
-947965623309144172
-947842315420744364
-947775338102580871
-947548736286898844
-947260682003151071
-947181971586499460
-946590425347020012
-946379339659305400
-946168488351922367
-945681067456120667
-944945847243847745
-944622906898824069
-944585353624778959
-943591138334861192
-943099227553004719
-942907669628883149
-942866431224521787
-942665219714441708
-942287790174962444
-942215787132706946
-941920474284227175
-941803957895642090
-941655147384835517
-941609710349514252
-941451894155171116
-941195071833328798
-940964900470562364
-940929876811515873
-940882147879036658
-940501754740559718
-940388660986920151
-940346468120843117
-939942240467100902
-939892417738180480
-939226479626729222
-938792553414276497
-938658987183149076
-938232207765861828
-938027087867529180
-937966648941509708
-937699723301013564
-937257944478091502
-937020159370445843
-936371858968461038
-935985196078411046
-935826811237575489
-935732446483029845
-935612991807481066
-935234227058033510
-935146423288069974
-934786876423038422
-934733688326180112
-934674428246899357
-934300409516133704
-934225176406012374
-933699456197521261
-933560853611974149
-933525086045866210
-933331255466067300
-932637906599544038
-932613540044544172
-932572532601802539
-932173462068725564
-932065235378594383
-931623885281332647
-931226129608973784
-931196338012617589
-930987428924003577
-930973645048589731
-930773337166795232
-930773337166795232
-930397734064378761
-930373495929705344
-930217953401640114
-929194704408213495
-928081973022603487
-927824479501374483
-927773409025237735
-927182405051430515
-926975970217504733
-925565258677256166
-925347230204867133
-924763189166054019
-923667071016684754
-923377717664047236
-923319916120473115
-922101495354806255
-922025072927182781
-921641996780273672
-921284934041921210
-920998064573358576
-920626739341410196
-920266976358885430
-920116598177987823
-920076614809635915
-919844702741810845
-919569733637753905
-919112991470302911
-919025773008811320
-918979821498626323
-918976766313895493
-918564794567040291
-918327350227254714
-918287960144348308
-918099409906009346
-918035470091574519
-917955575632642008
-917850269323612676
-917704218290208438
-917537495236945194
-917518221097041193
-917505466349200138
-917087771928885589
-916445544288820603
-916158509322631587
-915945155376113910
-914816400208506840
-914124831100742122
-913832878262752194
-913762519279994230
-913043586741575340
-912771101763947908
-912490527733476929
-912449990020608130
-911692217688893671
-911422892663694075
-910590154585406352
-907700562150983680
-907674805839844902
-907095693035962980
-906612011836884934
-906126309834724479
-905151813310050187
-904834137326799708
-904381474660054075
-903948340451144122
-903764344029624214
-903540412582607828
-903477777347781704
-903262543138896771
-902472824698628783
-902273179780821567
-900711422581963974
-900258611772844181
-899937357859732285
-899640548424419521
-899525752381782024
-899510819397307718
-898763070553857510
-898675618766331455
-898139272355986679
-898055945611662575
-897849092141784995
-897632953140670146
-897522749202400860
-895386301817916430
-895178227427741770
-894805255797483963
-894681828366611403
-894629328940489783
-894302198844824455
-893933971207430837
-893178473561640487
-892715834616655741
-892568173238306606
-892378600338468301
-892129934889617868
-890866719044603487
-890795469273948108
-890570895655133438
-890218306483582541
-888670315925949893
-888500435046703200
-887716724628559490
-887565062080908698
-887530425541870281
-887339566141330013
-886830993239580364
-886405777375031334
-885139471855171100
-883819258132522961
-883738891218120018
-883196542420210659
-883043873317769305
-882964106553787042
-882417167203924638
-882263892565072290
-882145801512024644
-881991354988735005
-881597040244987187
-881551695714602969
-881528941593993842
-881522575200914381
-881216527496175712
-881062901936246980
-881015712390608380
-880387069364308906
-878909285562353111
-877970752635706116
-877870429325531877
-877769299287214948
-876768731212797692
-875756470078033439
-875756470078033439
-875396088203653327
-875218332426235824
-874355382046974239
-874298976127381369
-873672783016787662
-872767666200065449
-872692942294052899
-872454496527263524
-872101090336872106
-871971224895240513
-870248211565452897
-870137730196641557
-870122690633506686
-869147613002805220
-869095960324993015
-868783410432375374
-868685634764895169
-868135730634773652
-868050721545301622
-867346821484459317
-866567845232023956
-866419224250611817
-865216422565211920
-864582972248931937
-864407217332840618
-864393422962486457
-863429442149783294
-863320924198296274
-862311574211195921
-861156223183443553
-860450240795187674
-860349302029159692
-859716109950084814
-859056033234174235
-858231996994336407
-858154861841090290
-858016700957675840
-858016700957675840
-857231512159855868
-855713516121032282
-854611900718631991
-853792490345319824
-853047417244361053
-852320700544779496
-851942194314809594
-851434243971338734
-851369245947921108
-850545300268866018
-849435917780460918
-849014741798698882
-848294929809455775
-846139917536874269
-845499531492012134
-844893828717847106
-844614428216494534
-844475777383340529
-844168838315635706
-843945662167852826
-842569296755132514
-841993035565068848
-841174536082676236
-839546013736337342
-839063182400474870
-837969055111853912
-837922873753549933
-836804342535002604
-836258369614756812
-836039588477919154
-834334700509306635
-834286410818183927
-834031623650511450
-833871632447378706
-832276498288294485
-831833733885926592
-831581608991114474
-830370666626445654
-829743201081570255
-828906029647700007
-828552862039262361
-827628269517760010
-827450794030484644
-826949725623836483
-826894956760688521
-826727926677519048
-826155307237924136
-825557820938734992
-824939297880056611
-824820315613651786
-824749075742589220
-824725116098917134
-824407373883316118
-824188329705509994
-822531739453339477
-822001908613859912
-820831592573287653
-820085045082459078
-818548294601444465
-818193527012158869
-817840566760417348
-816750812028812947
-816422575528690503
-816243529126981667
-815722423455526242
-814495704030240408
-813236081275930999
-812656593466274884
-812478046512010127
-811988536656935139
-811960691386373632
-810085730040469996
-809350781762358104
-808712816320146582
-808331284965235316
-807657362898735286
-807061110199058668
-806789949267722538
-805864975448186853
-802179413418967381
-799234726708576340
-797951523691893909
-797637120248288340
-797234800612196421
-794771379517722753
-794451130420787722
-793805595870653925
-793774461030023852
-792591031485616600
-792302575353345530
-790896015977107459
-790456082182351951
-790052470177702866
-789663637786257148
-788722364844212341
-787314411242927323
-787118463641886248
-782164768379256245
-782149215331290782
-775308457174226208
-773056952193447326
-772480787929580762
-771908104922401586
-770601185721545842
-769360178142042553
-768538759559262616
-768538308772665244
-768277346137084761
-767556816656603482
-766538244386376098
-766217955914051040
-765109848423799201
-764780368987134196
-764336482172724634
-762803670165849258
-762727190877463253
-759916378029084731
-759803082603652360
-756455184315212304
-755640708817935302
-749744481320722567
-746691558694395703
-746008729933676218
-745092306313234062
-744736921821873056
-742461754599934701
-742069772309860520
-738782470564382021
-735781003907781590
-735516018967169702
-735027617747174070
-734875652334229776
-734199766242120719
-733868712627360933
-730918574737422274
-730894285639285416
-723723588254324274
-723562346442318988
-722093285431808041
-720638449294973591
-715645057517484588
-712927135565610228
-712761455463046961
-711727795695551000
-710371366829426132
-710228984422702790
-708722582859351048
-706037305016250008
-705950034866613384
-705843589343913262
-705186393904622448
-705159386193653040
-699975408607992300
-697472027162573458
-697195499124307705
-696772222709958578
-696093328063419950
-695737071226082859
-693343906986458654
-688764210665383280
-686923305167385005
-685827750776201982
-682481668262864503
-681525261427802704
-680238774108488665
-680217353615980580
-679873165504782070
-679804782937705894
-675349715246867834
-673832428669867076
-672502134106288033
-672416076476314161
-670306203714535200
-668852240101248344
-667749765192012396
-663303625610008584
-661688110331664843
-660827658572536470
-660529410956607362
-660465606097384906
-659282882076233094
-657647424666997068
-652973907710505654
-651245970579855398
-648192939597471044
-648092741958505572
-643889830097219874
-643340524156047421
-640375091232098037
-638848567319253254
-638015343358896860
-636612296677410800
-635433111722944654
-634692377317283975
-633899501420364467
-630391397875858915
-625939057970324345
-625732022808461064
-625289851172405999
-619451390369367990
-618490641457830416
-615655486120142744
-604950653094734572
-604874952206622378
-604461751609344642
-591455813980112386
-591319311741493994
-588621554659078980
-586017827551751426
-580531569456148194
-579732929308771388
-575595326629001758
-570187791034162173
-567431204699870275
-565979311043865378
-563464924185719376
-558887855234341524
-553194746261219221
-550842539969650650
-546087883693953500
-541993524307970618
-535098095608421942
-532826756470052096
-527772502028631986
-527095920692759070
-521360273259654836
-516811314875944082
-513578321624100720
-511919622946095594
-507486173843896154
-507036441842379766
-491429177695433952
-490817016139621002
-487687922502837424
-483385412979929469
-480075754748510477
-474890935995892108
-467691507644810400
-467683040853917776
-466448382865598564
-447045405593864190
-439276761334395635
-423196784849653168
-416325640531216316
-414145930093423792
-405927405959326378
-396203178591033652
-387378774655763962
-358401024039536590
-341720277351136588
-329028037022325504
-324291751734771316
-318147834005123146
-317677923097665756
-307932450802263926
-295532637824544020
-294875629645134258
-292783135497364982
-289864446182150092
-286888479769276179
-282441566882746764
-281388575353622092
-278014966342992632
-274765661281562178
-246460992885450696
-239238997941855126
-235565978028546307
-235439851210564070
-235265611534479200
-225346246841394404
-217192261739975116
-188756746769883941
-161466709284032320
-144076832404745912
-137005041231187068
-135588092070247962
-134432178102456290
-131470934349102774
-116409027119898992
-104082956062810602
-88979280709086432
-84451643423670146
-6614646819826202
108376279819981304
127226740999160856
143112823331434296
159910387465602526
377633870150896272
715673391479229894
