105
130
66
85
11
141
90
71
103
5
63
138
84
73
100
43
43
78
104
94
22
139
145
102
76
120
92
94
82
81
148
99
78
73
144
6
13
16
23
89
124
17
26
149
90
10
30
53
56
56
128
111
33
25
41
76
114
16
73
149
80
81
54
29
69
95
102
43
61
140
103
6
6
28
101
85
149
78
8
88
67
146
100
57
115
27
12
50
86
89
51
55
8
64
69
7
73
66
129
44
47
8
55
69
69
124
16
117
59
92
26
85
111
137
42
64
88
91
70
30
117
43
72
27
86
67
13
96
48
14
103
68
125
125
72
132
37
65
58
131
73
95
126
119
34
148
63
101
58
15
92
61
78
1
7
125
92
138
35
59
4
94
137
29
33
89
143
6
134
40
45
119
54
1
30
103
10
58
81
125
130
45
101
123
59
85
145
69
88
49
78
7
57
90
151
54
23
4
61
130
60
8
97
69
13
29
95
139
28
39
12
107
34
60
60
140
142
89
41
122
31
61
152
49
114
114
30
22
25
61
87
150
61
37
28
98
118
127
123
130
92
42
26
68
5
108
69
149
75
150
142
39
83
119
60
121
92
39
19
118
31
68
33
120
80
43
41
92
60
60
27
95
57
95
86
36
105
33
4
52
22
5
124
37
31
146
71
137
121
43
20
61
10
108
147
49
92
21
56
97
71
85
86
8
31
7
81
152
