828 788 530
4343
461 441
350 724
485 175
737 798
26 387
30 242
66 81
686 18
161 678
756 3
123 706
25 256
550 467
407 819
140 653
84 113
108 727
280 112
618 121
703 624
420 256
90 118
357 228
353 162
73 746
500 189
588 439
421 383
243 137
22 490
639 95
763 554
465 811
271 49
180 407
118 77
339 310
397 698
102 757
79 430
251 452
290 264
377 720
280 405
101 506
535 811
559 385
41 272
203 149
148 88
531 502
765 317
759 420
771 538
332 559
498 310
164 401
401 381
342 517
439 555
196 623
393 309
295 753
108 774
374 199
168 23
71 605
519 746
382 78
734 612
356 709
150 498
487 754
103 348
231 663
188 312
482 256
307 46
414 744
409 800
279 129
638 595
112 546
399 108
382 689
728 726
352 237
781 157
310 522
64 284
346 659
466 552
204 79
364 260
664 288
623 95
232 300
351 205
345 149
103 787
469 784
674 285
663 307
431 568
267 665
489 719
517 548
91 304
47 222
26 750
300 22
47 617
77 444
701 540
184 273
402 335
259 23
468 211
704 56
666 137
663 494
351 820
450 658
245 66
567 450
533 614
531 240
98 504
165 374
378 48
412 18
588 670
310 76
717 823
722 290
425 696
305 198
653 494
16 256
497 3
468 823
701 78
553 325
747 808
267 563
713 784
582 733
542 674
184 105
434 802
692 557
311 726
470 300
459 342
86 681
674 106
247 401
551 789
61 73
195 73
265 427
358 618
123 392
368 133
219 286
372 623
605 822
182 421
573 283
27 534
23 525
672 798
320 236
294 462
232 286
288 573
527 673
751 432
703 296
759 264
35 107
562 255
465 537
594 640
189 187
578 596
600 31
413 280
497 169
24 211
688 163
520 744
767 510
500 707
662 339
58 766
251 516
360 499
95 150
177 43
56 269
311 658
605 616
619 584
40 58
365 182
149 200
769 579
614 435
654 782
607 138
99 168
142 43
214 323
591 637
371 399
741 519
748 220
308 361
548 720
215 150
783 422
218 722
474 170
318 590
37 446
140 798
76 180
480 701
314 32
54 782
610 761
690 648
124 726
663 716
140 494
316 650
60 327
617 474
144 42
357 441
40 774
456 520
193 563
86 303
331 289
324 710
623 473
13 451
415 682
71 663
348 549
498 339
421 343
659 499
474 149
732 74
431 187
125 302
63 324
312 807
442 113
698 730
344 283
500 87
538 111
346 233
498 436
549 231
119 123
697 93
566 637
495 252
787 286
371 25
409 185
478 754
319 33
529 692
570 202
377 536
760 488
299 820
370 100
260 179
349 463
277 534
160 101
716 754
259 675
248 618
700 357
323 356
749 466
573 406
720 391
518 282
142 376
471 401
752 262
123 481
603 516
380 731
194 627
642 139
155 539
734 549
442 143
682 405
568 75
580 755
395 177
298 760
750 84
743 463
673 48
424 741
694 6
365 769
747 529
430 289
607 18
658 544
180 753
244 45
552 801
336 30
464 7
554 210
130 746
13 621
453 215
102 566
368 639
662 70
152 624
603 81
375 338
660 780
403 621
374 367
727 177
746 442
728 16
22 704
442 456
404 790
284 613
526 369
120 717
374 686
299 670
188 552
239 574
127 606
592 646
681 768
515 544
683 814
415 780
115 271
479 262
515 572
381 228
527 396
709 613
698 132
486 609
555 596
118 676
763 772
183 707
318 705
465 729
772 310
454 287
477 20
314 614
136 233
649 634
491 523
699 747
271 15
577 523
509 500
639 131
74 55
527 171
595 578
496 385
683 498
529 799
608 430
499 730
1 654
686 719
624 598
636 60
784 732
678 468
558 29
406 279
762 530
274 463
648 267
358 277
432 24
292 643
784 39
515 597
71 107
719 360
721 485
544 337
138 684
212 496
477 70
769 36
743 751
621 466
397 709
533 247
62 66
215 503
701 169
266 450
474 181
273 598
163 732
24 180
516 248
254 763
3 686
66 123
192 30
637 464
129 585
392 811
268 519
702 166
781 182
661 456
725 76
77 449
746 651
538 337
386 147
126 541
160 284
113 718
763 242
500 748
12 463
608 110
32 304
770 813
370 311
595 174
302 365
170 621
280 70
119 66
238 67
430 451
426 517
742 148
719 476
450 280
141 114
88 171
149 42
472 513
182 131
705 123
731 156
189 109
691 703
34 518
486 319
260 551
586 797
84 370
558 757
727 757
280 31
271 125
97 415
347 397
688 155
277 481
317 119
623 297
215 790
672 621
460 651
504 359
274 692
479 418
36 727
434 615
241 586
781 311
433 616
315 233
723 364
740 763
482 409
373 362
93 227
614 321
61 190
158 325
299 647
112 624
383 90
577 712
531 202
660 746
757 747
281 17
458 796
234 593
228 534
395 355
572 8
611 674
639 661
594 626
519 291
521 423
559 259
747 383
464 786
612 212
354 3
208 680
180 52
214 342
104 717
466 359
291 785
176 119
308 795
668 532
32 428
465 128
468 668
621 672
59 2
364 723
779 119
474 758
633 430
326 291
22 191
321 220
711 790
696 147
166 660
132 641
154 478
758 432
324 521
158 735
776 328
97 350
269 795
570 207
508 353
457 395
776 366
549 744
704 69
522 387
727 561
694 430
669 223
26 86
55 123
693 750
69 812
556 242
233 542
389 756
150 453
208 93
649 411
661 545
55 658
691 105
41 49
48 252
721 394
510 538
193 16
216 575
534 427
466 54
567 59
127 820
127 613
107 712
748 190
279 423
267 558
223 825
99 50
88 628
53 607
620 580
68 444
160 645
529 627
232 417
126 670
248 18
187 672
72 566
781 502
478 796
169 203
230 30
100 286
472 398
462 31
292 471
400 643
574 277
555 33
741 38
131 358
275 688
27 32
519 396
253 40
718 142
514 125
80 284
115 453
6 219
19 642
583 544
626 801
123 675
435 608
466 531
597 516
273 791
151 679
90 621
586 519
129 97
690 276
535 125
116 675
779 75
143 142
98 351
249 22
598 662
588 730
460 391
59 20
98 48
151 426
66 566
458 611
707 799
279 286
82 274
510 573
362 279
569 254
488 2
156 812
285 176
27 195
565 798
547 274
296 573
442 179
335 656
301 822
725 314
657 452
82 607
232 333
406 334
573 585
696 636
335 325
100 195
123 563
267 677
764 125
52 304
676 336
287 813
39 159
215 501
374 356
401 226
453 396
547 788
425 18
566 139
357 609
704 319
553 272
105 490
499 323
690 799
456 392
99 506
754 130
216 697
349 781
747 305
724 459
317 782
575 275
582 326
667 332
588 522
290 557
324 759
95 244
755 56
78 563
242 138
411 784
628 503
707 189
648 66
344 424
382 238
439 144
543 543
387 751
773 1
29 789
74 406
135 776
647 98
174 175
55 493
573 170
661 488
536 30
774 632
85 597
307 505
218 519
274 675
531 284
78 162
569 422
608 106
101 158
542 203
754 183
321 359
22 529
30 698
346 41
20 329
132 456
732 39
53 436
688 698
141 52
120 76
501 742
513 614
219 737
694 149
346 255
142 135
361 726
163 639
116 523
241 738
202 657
417 85
259 625
336 203
48 602
227 169
626 158
397 3
315 674
589 437
148 104
200 605
600 146
86 737
367 489
430 104
592 282
543 361
703 618
571 233
405 455
296 568
104 536
47 67
313 31
194 699
248 454
699 788
348 465
15 680
735 750
309 167
397 50
507 596
509 135
691 333
739 196
784 678
420 799
757 590
261 46
171 459
597 674
231 774
86 716
625 62
784 711
373 657
165 187
664 438
63 265
168 354
594 453
723 479
763 55
616 67
646 408
717 104
57 104
381 348
139 201
394 351
195 245
534 571
744 487
350 295
217 423
573 183
457 535
274 101
444 641
521 139
498 269
189 745
56 170
289 726
560 550
683 667
66 332
314 581
624 671
336 714
228 494
611 146
590 8
487 185
447 771
385 754
773 95
11 630
562 173
739 604
623 613
467 686
14 20
460 208
702 213
460 770
553 570
591 48
34 371
93 561
213 444
778 443
369 325
495 56
544 683
582 720
317 539
635 807
502 111
615 73
475 244
688 260
388 284
79 362
279 50
693 55
134 312
716 367
564 468
688 65
216 441
11 726
482 220
70 810
339 134
725 105
341 781
692 426
528 438
136 358
8 504
553 728
732 207
524 204
116 492
432 40
664 749
273 537
580 513
615 197
184 88
508 449
324 170
563 680
614 200
727 471
702 144
382 10
692 113
466 708
239 787
515 478
431 48
778 479
583 765
274 646
530 530
579 161
717 214
347 3
9 350
140 70
589 187
247 613
575 34
403 491
504 206
21 70
584 216
467 409
506 236
441 608
405 106
455 135
384 697
65 610
51 650
339 36
168 106
558 7
316 113
546 723
74 510
541 201
786 500
536 782
90 559
657 581
32 686
758 81
401 668
435 144
210 645
712 573
16 112
252 756
681 9
220 225
522 337
126 127
218 711
377 365
615 766
407 741
305 510
222 444
705 645
239 643
381 552
99 669
134 300
463 517
333 502
577 230
554 367
192 347
596 582
498 792
261 624
656 797
514 67
319 566
391 99
93 714
105 813
138 94
4 313
379 18
357 408
780 427
751 53
309 303
393 807
611 451
427 461
220 392
408 138
15 170
532 564
389 446
552 197
380 414
219 534
269 199
115 462
720 142
574 735
424 437
563 453
119 493
94 82
642 290
644 604
768 616
96 316
705 592
391 12
178 814
79 570
700 430
307 183
129 153
18 559
394 281
126 788
731 778
242 597
781 482
440 128
511 527
230 56
579 404
105 170
668 30
240 133
765 406
91 101
276 417
660 474
607 136
516 513
788 81
63 615
606 139
689 155
574 803
505 632
557 170
555 99
122 389
675 707
126 791
437 518
692 528
187 213
209 311
257 803
148 584
427 699
331 112
213 449
486 818
717 244
65 483
297 443
219 740
546 413
137 618
31 584
469 208
381 140
192 613
640 125
211 578
166 220
616 561
707 330
454 659
514 51
438 396
93 549
496 530
749 9
692 612
708 552
8 149
725 63
11 374
652 402
700 167
189 97
580 591
150 518
301 19
221 555
718 174
355 392
323 9
558 335
49 47
251 619
567 466
498 194
233 89
783 94
88 249
228 382
81 720
157 217
555 393
745 177
388 793
761 410
587 785
759 412
331 695
204 238
18 119
84 141
738 174
622 163
567 197
784 545
179 665
484 16
769 421
377 737
631 627
63 18
91 275
103 812
318 504
561 345
209 203
126 424
557 264
390 185
432 444
646 211
83 530
430 618
363 695
337 201
41 269
248 150
258 431
405 544
409 213
780 170
561 136
42 684
124 543
151 586
279 293
79 36
267 60
747 589
148 385
699 279
136 712
664 736
642 295
198 471
148 1
736 480
34 526
688 11
612 52
333 464
743 356
332 194
352 520
182 116
34 480
564 72
235 140
474 807
680 575
762 171
154 216
298 291
608 432
510 314
412 374
129 100
158 373
279 786
417 35
88 644
233 5
295 744
95 604
297 555
141 174
136 531
79 799
786 398
634 195
686 250
144 695
2 631
245 335
279 594
83 756
45 54
331 100
725 244
300 216
537 156
20 358
238 267
58 35
658 560
223 644
310 431
592 692
557 487
268 715
763 606
571 127
465 322
221 219
138 286
645 469
583 595
97 756
443 724
704 731
415 28
631 626
123 409
308 47
93 133
759 441
176 582
331 457
770 166
487 763
612 409
311 233
440 52
159 280
199 478
613 121
235 133
339 571
573 418
242 739
329 167
324 436
383 19
161 165
555 776
87 380
243 544
230 373
64 776
769 760
249 147
343 383
547 488
445 185
227 149
42 82
6 116
241 689
55 702
669 503
311 456
108 299
418 28
160 30
17 290
399 107
715 421
553 263
472 313
718 328
325 56
460 756
666 329
629 196
163 636
386 735
389 683
94 174
119 279
408 550
552 795
217 471
261 793
477 430
20 195
665 348
154 395
537 680
105 799
736 90
45 481
495 619
425 422
425 135
20 623
139 131
599 51
402 631
77 377
635 106
650 240
254 11
45 153
598 419
534 642
415 593
270 810
399 500
383 717
5 793
644 44
89 653
64 64
357 806
162 399
356 633
383 500
710 92
411 92
296 65
547 388
2 797
83 397
106 759
444 521
611 239
574 507
604 750
453 608
542 708
52 510
673 116
26 600
205 82
30 407
65 769
308 686
434 144
448 109
468 595
423 575
652 197
471 397
311 53
240 444
24 33
366 656
169 789
70 634
752 120
222 207
34 105
105 156
333 89
401 711
250 77
727 333
685 775
116 550
88 424
788 83
132 292
485 95
149 32
493 38
369 660
108 708
288 96
334 664
721 88
442 415
317 210
399 296
225 780
128 248
513 630
673 256
229 492
123 686
288 510
26 754
589 689
716 301
296 404
395 73
569 763
127 96
172 297
631 469
354 247
608 588
182 726
299 93
327 268
140 10
706 150
549 302
788 422
461 294
126 741
232 606
233 250
669 89
633 108
368 768
488 730
535 119
260 181
622 33
261 825
722 63
420 356
669 441
381 87
641 575
236 642
313 570
173 138
400 635
53 745
692 421
430 252
456 452
247 680
773 410
493 110
27 567
431 488
218 13
142 511
706 75
543 376
496 500
198 211
460 305
332 333
447 743
432 784
290 828
254 353
613 383
382 42
580 232
748 797
784 610
282 468
445 40
131 165
185 364
415 20
76 711
45 459
270 587
549 679
637 394
267 621
524 256
405 171
708 278
208 328
75 265
190 79
94 755
218 578
603 546
541 255
262 201
506 471
600 405
788 588
657 629
399 766
694 576
114 577
296 275
387 537
313 552
360 247
629 514
627 358
550 622
679 625
217 340
69 494
59 457
513 774
10 116
353 251
45 414
628 478
12 256
734 440
423 585
182 410
238 738
153 435
752 705
743 649
260 641
608 793
675 556
361 591
773 103
632 351
326 365
79 735
787 176
384 175
172 258
503 762
160 487
667 513
165 272
488 632
387 86
495 255
722 798
318 665
428 706
446 492
118 637
84 312
217 435
760 755
197 332
519 696
69 97
140 105
175 232
592 418
672 811
295 813
616 532
227 444
385 608
295 665
532 431
359 540
340 236
396 272
771 36
121 132
787 618
67 391
445 532
70 571
172 326
188 753
396 154
493 423
356 644
6 153
180 102
248 191
392 53
13 66
436 387
405 213
559 117
364 358
662 223
589 367
724 57
664 720
13 199
258 344
590 709
375 813
383 752
195 460
199 300
348 101
718 273
750 386
671 640
238 436
172 158
515 17
431 111
576 627
215 601
498 494
220 637
494 104
236 710
157 468
12 477
518 28
296 640
650 96
609 772
402 684
415 508
315 731
377 69
120 143
130 190
661 782
110 454
130 203
256 133
470 763
119 298
672 373
285 523
245 799
153 729
415 18
46 494
12 406
341 484
477 763
622 775
48 653
194 568
649 161
385 279
591 673
282 567
127 344
746 586
46 734
268 702
533 456
61 445
412 537
420 165
180 386
149 360
199 500
122 688
727 80
365 550
48 810
476 401
212 513
776 770
755 107
56 531
744 685
624 784
3 170
290 52
408 143
643 828
704 727
584 638
533 604
539 288
590 476
726 22
68 557
391 472
704 752
468 563
561 62
683 308
474 301
663 777
338 511
216 24
33 127
612 436
261 239
747 437
64 719
604 506
629 480
9 683
386 669
144 171
625 223
516 813
652 192
574 179
638 207
279 227
81 512
276 396
418 633
38 61
230 262
600 576
122 680
20 518
552 7
476 19
493 593
152 775
60 479
534 575
163 602
474 677
574 643
564 778
459 681
218 514
551 89
390 604
621 260
23 820
146 592
677 229
434 284
730 686
166 316
634 412
376 661
300 340
459 201
510 724
703 590
439 685
641 667
8 413
531 47
511 814
782 729
208 584
99 471
655 31
16 215
419 129
3 580
522 146
13 33
696 117
638 582
788 254
530 794
346 1
739 361
689 576
31 734
762 322
410 249
493 284
506 227
277 217
207 84
651 515
159 535
315 24
42 800
303 525
730 405
265 97
73 95
142 405
443 158
489 555
362 115
618 587
626 16
194 575
412 74
689 681
555 176
705 578
29 472
643 395
428 196
736 762
241 34
359 780
557 426
752 585
253 335
147 246
293 763
563 252
500 178
529 766
37 431
157 778
311 63
119 709
620 215
415 162
462 554
312 376
195 291
460 53
577 443
157 168
4 303
162 515
615 138
9 78
761 603
771 676
58 798
269 608
259 560
428 252
568 373
397 139
628 604
31 697
487 771
139 58
175 244
21 408
722 399
94 211
416 261
80 317
161 342
693 65
787 587
9 152
526 559
607 152
25 228
652 477
92 16
512 142
121 805
769 78
276 424
509 216
18 179
140 210
606 811
547 529
320 365
402 647
362 175
176 635
676 7
518 55
196 409
448 162
634 197
635 186
91 95
333 413
292 499
437 19
213 525
422 332
556 551
365 692
779 301
600 462
487 777
679 425
649 68
737 226
727 591
290 18
482 605
690 309
330 289
275 263
404 650
266 640
581 484
23 164
747 114
659 556
432 729
581 84
725 271
540 295
696 676
463 449
107 105
312 699
610 814
535 81
508 619
772 299
109 45
36 658
696 736
291 259
590 486
345 22
247 241
643 646
381 641
144 266
762 471
131 405
528 598
645 17
621 269
677 539
244 333
79 84
123 142
355 771
315 784
672 789
551 306
346 133
191 1
640 110
33 469
261 614
54 681
419 25
788 209
104 61
187 458
396 62
430 800
491 811
128 799
180 462
243 391
247 730
395 41
783 451
422 465
271 435
293 400
296 556
665 79
434 751
206 613
229 455
498 114
501 717
550 17
493 683
226 723
706 773
409 709
235 827
634 656
329 175
316 84
83 219
245 412
291 452
721 385
418 237
171 427
494 580
373 134
511 118
566 539
483 213
523 582
705 178
375 132
698 797
124 293
768 750
181 148
672 526
108 541
710 180
584 680
727 139
756 792
727 14
180 237
648 452
73 537
614 293
684 599
290 74
631 731
52 157
349 730
322 623
125 138
428 268
768 54
357 136
482 491
358 301
518 212
518 428
765 24
205 611
2 195
378 671
151 117
434 73
553 81
424 320
722 680
101 82
684 165
755 366
594 325
288 291
478 803
522 242
472 766
72 254
9 732
717 761
740 205
131 571
776 259
427 826
111 89
377 383
82 413
34 761
415 227
380 511
580 370
368 754
544 457
544 144
93 429
566 265
286 415
435 595
708 133
101 125
536 778
286 517
130 772
216 1
85 195
439 675
621 311
130 322
29 664
533 61
674 432
702 255
505 76
55 92
153 589
292 719
241 801
293 581
210 76
473 353
32 41
24 641
88 167
719 62
759 220
9 510
265 84
215 720
578 617
32 131
46 224
699 304
508 67
699 717
143 255
219 529
724 8
709 261
98 462
743 679
282 57
584 586
755 671
337 635
180 394
29 426
183 311
603 149
146 485
786 61
394 674
387 777
535 319
94 335
431 286
272 52
464 386
758 787
195 475
688 723
130 436
39 740
256 824
345 312
685 644
73 549
280 40
378 617
2 318
125 48
20 283
162 539
515 637
261 70
181 758
16 828
424 203
182 55
617 807
267 629
174 698
48 408
519 225
243 226
2 60
427 675
29 653
462 669
717 535
184 699
311 818
256 453
787 400
59 458
437 787
669 652
101 479
488 103
39 67
352 777
620 487
397 663
27 465
784 621
70 817
513 365
740 617
511 531
517 715
637 710
339 398
588 742
610 519
88 418
624 404
1 389
486 425
410 540
302 156
712 125
493 377
110 188
750 339
370 452
538 508
679 376
136 819
453 384
243 495
760 635
264 438
385 819
414 323
473 594
637 628
400 87
551 279
411 599
1 463
443 700
600 121
454 265
15 693
360 672
402 586
168 806
302 700
591 465
559 451
23 405
380 110
327 455
3 511
549 459
598 322
622 114
466 260
570 156
504 83
50 698
137 120
362 609
539 242
649 96
509 293
414 371
506 215
417 265
308 335
340 350
122 545
478 666
413 141
115 509
771 155
406 624
496 685
532 213
748 487
76 344
132 33
541 711
534 192
787 827
348 729
620 406
25 142
178 29
719 804
470 659
740 589
534 370
674 684
484 447
667 690
372 737
769 124
484 702
180 744
269 123
565 785
559 787
329 26
623 723
317 352
245 542
704 49
121 424
717 511
776 712
24 216
725 48
495 805
485 367
122 55
197 131
200 193
228 755
542 94
425 588
128 422
319 738
731 277
266 333
524 643
656 717
472 613
651 237
469 258
373 824
528 282
672 633
577 115
214 498
161 311
136 239
315 501
206 102
690 567
10 286
139 33
509 618
419 390
775 639
289 29
75 306
563 362
782 733
618 170
149 284
281 226
96 777
70 629
139 621
33 387
677 572
635 778
195 614
649 786
719 279
404 441
767 723
679 513
3 584
619 149
611 433
596 478
70 766
575 507
514 661
486 232
668 58
530 397
199 629
656 451
71 167
690 154
283 345
659 818
653 226
147 393
507 340
429 748
266 311
337 727
607 412
156 51
123 235
191 90
763 601
296 463
113 694
385 398
295 606
88 791
738 757
538 440
459 511
529 285
547 393
343 18
380 184
408 488
281 453
511 443
423 463
450 545
171 781
622 128
133 714
640 168
424 51
60 4
739 90
426 736
671 567
65 726
604 334
311 160
517 26
201 394
279 338
176 35
110 284
721 698
41 479
36 362
745 668
341 675
265 147
195 392
555 761
406 825
100 49
701 174
731 74
89 467
691 285
426 103
759 250
497 352
234 281
508 29
372 648
570 666
371 694
494 742
494 396
171 83
586 244
220 591
584 731
405 146
715 479
703 502
673 444
460 63
136 187
145 508
4 268
651 67
128 473
282 683
432 694
600 185
407 116
638 268
652 721
181 634
401 373
551 567
607 372
296 435
440 503
229 506
2 595
384 241
748 473
657 702
449 566
572 791
674 697
332 315
32 91
781 708
121 426
239 478
224 473
536 669
339 222
71 691
343 4
676 192
661 365
731 59
575 763
299 92
781 282
229 805
317 456
441 317
21 814
109 175
712 796
5 251
202 153
169 441
734 661
316 160
742 167
465 126
611 796
708 253
725 337
729 225
499 772
141 671
150 166
417 739
407 707
679 202
616 671
90 151
109 535
10 819
720 651
538 614
179 114
663 601
158 144
656 374
89 329
350 579
667 118
72 384
77 754
191 472
131 705
760 287
757 239
226 129
191 759
48 731
407 709
469 745
400 558
759 189
256 699
312 613
282 358
188 82
263 292
432 700
734 240
401 689
483 104
748 222
785 261
602 46
751 697
50 381
715 616
111 102
788 265
135 500
661 407
489 149
237 420
572 672
755 220
459 641
788 378
589 682
174 5
676 95
688 389
523 318
286 107
87 401
556 52
697 159
459 811
522 223
594 615
650 491
271 170
712 628
22 741
567 754
530 215
657 112
168 780
700 472
270 542
113 433
27 520
566 419
424 209
246 388
772 785
611 101
331 342
294 639
300 647
122 323
334 577
723 427
516 628
626 69
285 595
709 558
155 682
739 586
92 357
537 448
685 100
649 182
109 476
455 93
654 339
606 610
502 645
587 371
509 274
543 63
722 168
28 123
81 667
780 451
709 753
157 482
49 634
506 54
356 822
40 667
268 345
11 267
56 599
604 579
273 484
315 130
676 754
477 159
511 623
123 619
546 57
56 435
377 49
689 148
5 672
552 293
669 784
167 333
305 581
605 364
586 357
102 122
460 576
11 285
173 42
402 303
694 325
703 606
763 481
236 563
125 351
744 776
331 757
326 463
562 396
186 316
286 407
185 651
15 56
1 589
336 711
359 25
117 174
674 679
35 49
562 167
91 39
590 659
225 29
258 365
198 201
276 26
437 771
251 598
269 650
245 9
327 506
338 676
23 11
88 759
228 315
458 542
701 460
350 655
502 253
342 260
377 805
274 214
572 258
725 74
628 512
6 278
275 557
163 753
746 17
585 801
418 535
718 122
16 459
319 347
268 577
780 635
688 728
165 768
602 312
747 171
236 470
605 261
783 515
244 795
15 240
300 496
621 11
46 683
116 476
339 766
493 618
681 799
338 398
212 781
344 224
677 118
32 368
392 660
566 116
729 196
7 326
599 622
766 174
524 523
152 60
768 5
544 340
378 607
310 378
141 744
431 582
707 337
359 459
195 407
423 410
380 270
704 507
4 810
337 446
734 12
90 688
125 497
441 372
739 486
259 55
53 307
566 333
100 545
667 86
152 413
510 61
206 752
733 239
229 165
120 200
480 42
433 682
81 31
113 674
217 448
54 24
192 614
538 90
728 331
384 145
484 230
724 442
452 51
545 18
498 119
23 730
93 634
373 242
381 672
510 792
768 650
239 28
667 227
243 94
239 434
700 328
335 214
122 200
550 567
155 438
345 527
413 139
400 503
588 54
395 238
509 28
205 28
336 395
13 334
11 582
720 433
379 169
259 711
85 48
773 780
263 690
233 636
304 446
660 350
613 135
410 559
660 403
159 732
573 356
66 551
364 125
418 666
428 712
607 677
754 253
563 618
690 798
762 249
699 183
11 743
743 186
322 810
645 392
716 658
421 102
83 697
412 487
257 41
35 717
288 655
424 500
496 654
138 449
541 811
146 107
191 747
758 339
456 501
373 768
361 495
527 73
657 652
309 508
450 496
194 604
91 176
377 609
368 173
549 450
729 693
280 744
570 258
120 20
299 317
693 182
349 547
110 221
273 507
206 736
170 703
613 817
444 257
73 526
603 48
756 471
682 438
486 675
461 452
435 518
128 72
494 546
308 48
711 381
365 70
180 191
463 664
746 805
252 194
319 619
634 487
232 623
700 823
612 54
379 696
699 99
360 318
383 782
599 325
236 781
274 624
601 323
447 391
466 130
185 633
429 98
149 82
5 242
465 64
102 50
305 747
507 787
665 284
424 383
51 599
210 396
785 682
284 109
52 343
280 248
447 808
668 103
573 261
511 775
413 215
779 548
377 340
681 552
685 196
727 238
617 250
366 75
751 71
482 791
113 802
93 71
777 538
407 308
132 747
478 615
367 286
415 266
272 483
230 127
529 501
170 319
675 345
193 354
541 759
299 559
462 573
421 502
750 703
360 299
511 12
478 240
683 88
771 608
306 230
488 415
539 148
755 525
690 27
505 519
273 15
100 311
663 266
737 635
645 563
564 240
230 62
195 58
341 417
169 27
401 645
43 136
156 489
117 390
744 701
37 116
317 91
532 206
292 449
320 669
545 794
116 78
234 695
382 96
735 69
61 224
779 167
733 33
672 313
270 531
382 153
778 603
346 270
312 321
519 182
603 323
301 188
156 283
82 397
236 503
635 105
142 388
468 641
52 541
270 513
774 99
748 200
287 703
571 615
159 458
570 140
673 743
394 711
289 380
555 248
719 604
340 231
264 592
392 291
175 238
173 229
437 368
206 194
702 555
200 387
480 414
149 54
113 795
605 206
587 419
330 569
693 672
434 684
45 818
318 293
567 124
250 40
527 70
562 532
684 791
64 478
466 510
264 159
100 386
20 572
679 54
728 327
114 618
414 630
89 420
285 239
528 811
624 436
501 786
753 385
358 694
464 445
649 741
680 384
606 366
631 528
453 232
59 786
652 343
34 148
773 361
204 503
764 761
685 575
517 594
438 1
311 636
143 119
239 336
425 620
775 458
68 140
639 744
312 649
8 445
193 712
257 565
330 454
290 627
438 480
558 295
410 391
190 280
443 529
685 219
405 706
459 728
697 117
71 638
93 719
358 748
297 565
582 275
706 422
660 727
753 324
786 804
168 266
610 131
373 609
513 385
370 89
594 479
570 86
564 338
319 69
441 605
463 418
61 580
235 716
256 320
20 167
207 733
617 146
156 364
238 546
309 623
511 823
567 792
609 285
346 574
500 257
172 442
15 597
644 584
68 760
783 523
43 254
150 17
164 341
628 649
675 184
354 452
656 637
3 267
357 808
15 707
671 354
494 819
729 102
603 248
781 354
585 305
21 76
605 566
753 126
491 292
749 606
61 202
557 440
602 217
471 101
450 807
265 209
598 111
205 67
67 740
728 590
742 112
120 159
258 243
128 303
365 720
740 700
443 712
393 87
775 627
642 361
403 299
558 724
6 797
208 600
523 486
758 706
393 359
142 236
769 271
346 89
155 707
373 377
477 466
99 38
207 453
689 614
752 522
741 120
406 569
302 143
542 42
651 231
286 492
47 196
684 178
608 776
743 63
278 48
279 704
681 745
451 11
717 700
418 339
526 403
429 77
414 656
602 75
431 244
124 468
517 667
199 797
586 410
716 545
116 625
739 231
217 270
693 127
548 680
526 218
563 121
5 707
19 387
417 359
730 151
571 595
150 241
523 704
721 738
572 509
170 143
592 819
481 550
193 680
86 437
658 152
548 266
604 28
95 714
719 661
408 827
780 208
495 822
189 543
697 634
637 358
475 296
109 577
777 492
218 608
390 705
34 364
330 392
327 517
256 192
334 241
677 501
771 826
762 812
101 315
500 2
114 448
101 389
117 794
644 238
23 809
112 580
778 96
420 341
59 375
560 673
602 394
577 623
165 532
334 118
36 150
775 784
733 346
168 566
401 815
441 261
464 290
352 753
602 676
663 388
125 390
402 400
748 256
253 288
374 774
594 68
433 33
712 767
353 467
459 737
486 575
544 207
561 733
710 85
625 104
784 712
619 799
76 108
614 705
48 645
394 141
370 727
26 507
589 652
100 22
180 228
30 522
595 84
535 135
144 608
12 605
131 96
534 470
97 206
309 610
347 125
265 246
368 69
502 35
588 485
156 550
426 578
439 248
62 546
661 14
679 634
718 103
687 69
180 466
638 697
232 165
85 593
196 791
667 586
473 589
275 562
474 289
214 344
386 69
470 802
592 198
153 458
66 612
573 50
122 312
135 573
761 484
595 219
12 73
375 445
584 386
20 782
751 169
352 69
321 675
188 78
632 511
9 623
181 403
754 320
314 589
266 234
559 268
100 122
235 112
779 58
328 69
523 535
588 187
760 801
61 166
246 42
700 578
368 664
767 202
16 56
390 471
451 266
176 47
504 671
615 45
63 422
772 556
6 467
440 605
318 818
358 373
786 775
148 175
95 33
345 589
378 236
277 649
708 318
228 209
313 715
160 47
258 536
459 462
184 112
472 425
32 299
572 757
384 356
134 626
463 265
742 54
654 7
141 32
202 283
747 281
785 276
266 387
169 298
436 32
428 34
399 525
7 441
131 37
430 697
75 820
661 100
206 763
477 580
415 289
424 317
79 100
207 627
359 554
77 656
528 86
517 513
489 162
463 558
614 566
594 635
554 26
317 383
176 502
739 386
7 714
298 381
113 783
648 318
567 268
429 561
437 209
293 639
558 453
568 264
44 408
400 102
206 168
362 401
274 391
614 135
364 352
582 465
309 76
22 426
443 247
288 206
209 585
379 60
215 741
569 660
143 653
547 226
648 464
75 347
694 756
589 166
42 267
266 506
749 230
319 760
433 249
716 312
59 491
700 684
375 620
142 505
167 532
287 168
766 814
335 339
646 508
358 437
462 448
397 535
175 743
680 279
23 336
509 198
566 208
528 668
295 450
339 197
269 76
408 84
240 574
128 228
183 30
247 741
332 775
234 460
686 406
762 512
231 535
234 345
142 651
777 79
610 569
598 197
525 220
636 17
615 9
582 215
165 806
756 206
100 754
145 379
458 418
580 645
477 496
754 605
205 338
242 375
508 169
644 124
534 795
519 646
788 587
73 748
201 693
738 475
499 544
571 426
607 697
91 168
681 173
170 599
628 125
70 793
443 52
377 775
291 260
309 342
216 177
78 286
302 95
341 687
543 691
583 286
648 431
443 18
608 509
79 277
708 379
232 667
539 98
561 258
40 824
29 267
492 616
239 197
205 314
746 608
229 327
644 354
93 751
7 817
782 3
24 59
63 637
255 349
656 272
302 105
358 149
126 120
446 679
367 694
456 290
80 455
241 27
478 652
773 789
384 756
129 131
671 569
428 119
129 442
602 651
332 78
615 87
750 406
655 346
441 379
100 788
324 22
661 225
667 251
645 682
712 364
39 543
162 816
309 268
561 194
350 314
427 50
20 579
223 319
628 724
433 257
682 470
586 209
679 669
318 255
303 175
571 719
336 347
459 634
33 663
432 33
468 458
587 760
370 139
353 783
10 372
412 658
337 77
411 486
568 427
301 651
18 822
355 782
371 639
653 504
313 702
222 674
747 285
674 223
2 90
760 172
646 210
359 184
464 492
678 365
5 173
742 215
506 174
114 308
652 655
135 64
123 146
261 483
341 513
131 759
585 781
560 117
470 534
608 689
165 76
613 339
367 746
747 268
275 700
405 284
107 488
727 447
239 604
322 80
419 599
247 324
531 798
700 679
568 740
396 499
740 212
713 107
94 146
559 591
489 182
330 225
226 587
782 617
116 754
235 383
18 450
355 773
553 596
705 433
620 126
748 383
370 752
279 748
237 127
562 202
597 463
90 420
64 320
187 643
271 559
256 808
668 435
159 387
2 810
719 827
551 821
567 802
628 454
187 496
295 727
637 192
204 299
561 387
101 191
124 402
210 254
47 538
97 31
490 640
776 808
503 663
438 810
701 481
331 365
40 485
671 403
191 363
488 416
571 757
735 808
268 788
773 89
24 299
416 770
709 719
212 751
46 228
558 142
314 72
296 104
714 515
446 691
734 597
538 818
230 585
519 246
338 281
435 322
415 817
18 72
100 548
309 394
519 589
533 509
382 774
8 194
498 221
750 498
505 769
247 782
686 405
481 35
755 827
437 596
210 353
315 50
710 209
430 585
358 646
727 53
182 33
508 153
778 151
187 772
71 309
392 179
179 640
711 374
757 635
658 335
524 107
764 175
12 216
448 609
407 440
301 451
761 169
455 498
48 554
650 791
249 387
786 636
563 45
450 706
63 310
333 362
400 266
511 529
200 10
704 178
92 475
291 666
572 134
545 608
190 769
140 499
236 226
186 183
318 617
176 651
272 378
506 735
145 434
538 756
461 544
128 632
356 216
228 212
458 225
210 738
446 356
654 582
743 217
443 352
328 796
229 159
102 468
585 776
683 447
704 756
111 444
140 771
634 667
360 290
624 432
312 346
470 218
388 824
90 818
83 378
224 537
393 637
22 77
400 692
788 765
275 381
200 377
563 691
62 790
475 150
722 626
383 527
483 249
41 58
623 479
408 235
343 503
446 358
495 809
522 514
335 783
523 94
173 604
594 522
716 359
393 86
269 401
96 623
297 240
431 436
768 202
110 380
496 308
775 187
53 358
693 379
520 546
356 587
363 317
453 603
469 538
563 88
301 597
691 822
561 112
16 413
197 805
748 111
313 140
597 472
389 358
391 731
358 683
223 296
22 283
78 343
69 306
466 91
241 607
157 510
551 307
402 59
239 637
473 97
528 492
606 418
125 260
123 161
761 419
323 86
233 717
420 426
330 276
17 674
51 774
327 436
204 485
505 22
659 24
370 46
580 244
150 688
75 448
349 398
237 227
412 632
727 637
555 112
720 752
168 565
277 673
184 806
616 85
574 446
633 518
328 257
285 764
554 611
733 436
776 605
590 316
145 731
312 214
489 212
113 372
657 712
92 485
192 804
637 766
44 112
562 317
679 255
302 647
452 337
11 432
151 278
653 523
31 810
161 675
465 571
611 605
768 773
654 642
122 27
329 195
429 338
497 525
433 706
754 725
547 68
138 70
292 611
227 667
197 815
158 154
756 423
597 208
555 189
473 260
314 756
146 343
659 323
514 475
518 542
330 359
591 329
202 198
110 462
773 595
568 702
521 688
690 195
343 594
502 53
392 267
53 814
372 585
716 239
29 738
651 400
230 513
742 378
242 801
675 116
183 616
708 84
548 729
778 281
488 387
53 524
663 316
667 342
60 618
55 360
18 709
129 714
770 747
45 405
425 524
428 7
473 703
536 179
147 798
381 263
419 171
720 605
438 326
502 463
595 435
425 534
273 274
56 580
471 124
393 715
486 141
229 480
714 364
332 790
39 729
117 749
702 485
41 77
653 514
133 36
50 573
479 304
199 314
566 92
621 397
726 154
298 672
525 164
749 291
732 614
73 286
378 243
580 756
144 461
550 741
291 80
601 524
331 736
773 481
183 322
720 88
617 35
334 473
26 662
217 600
316 796
678 609
700 797
534 99
621 360
717 729
78 655
167 800
571 439
788 762
600 326
19 146
562 282
314 170
91 567
217 390
760 222
308 757
211 258
23 359
615 639
174 661
353 217
737 783
168 437
301 704
259 4
724 369
397 241
576 489
39 690
762 563
611 808
416 419
70 335
53 82
79 567
276 703
423 804
762 485
285 569
555 357
233 216
363 344
541 744
55 19
599 248
389 419
39 492
680 201
269 326
35 212
336 521
34 48
186 357
44 197
499 746
558 50
205 531
23 77
419 743
208 677
392 586
449 692
51 194
86 746
587 533
207 360
630 478
74 821
168 776
668 261
380 598
716 801
226 392
669 470
206 449
213 533
477 338
358 313
8 544
211 609
575 135
268 685
462 604
217 337
94 388
129 129
281 608
151 736
515 22
673 404
429 82
527 280
562 230
159 7
306 810
205 165
96 115
188 4
628 365
284 217
649 632
729 45
90 136
51 429
39 362
784 699
495 811
298 204
743 173
406 498
565 487
470 676
106 443
613 523
426 197
559 256
697 94
374 244
664 389
282 86
463 650
384 562
524 313
539 779
576 439
615 443
155 332
542 626
13 115
165 177
727 97
727 713
583 813
56 621
581 409
260 76
613 806
697 54
19 679
61 233
113 801
190 438
529 296
275 487
265 57
112 658
587 726
492 225
162 564
22 293
230 718
709 89
373 250
460 294
58 99
253 759
564 421
36 765
778 808
480 349
152 583
492 521
512 238
135 471
62 440
322 302
166 822
607 530
191 61
578 29
161 345
673 509
651 268
134 556
104 446
637 193
272 582
397 592
228 118
540 327
33 437
214 684
718 697
175 534
777 779
491 399
46 717
652 513
457 271
685 747
728 280
106 621
521 401
540 483
658 505
786 239
207 98
223 252
107 10
297 692
413 768
637 427
427 520
620 60
396 630
627 147
488 128
631 355
698 784
636 680
414 88
450 305
397 795
12 706
63 95
68 94
620 782
519 652
733 333
195 442
331 811
13 185
681 185
283 525
479 644
340 269
647 575
588 104
687 458
227 784
27 253
89 533
572 24
292 346
261 679
417 396
646 621
413 604
714 388
549 536
778 244
204 538
165 161
190 673
472 810
74 650
19 118
103 329
403 808
456 447
234 427
690 580
388 799
414 55
215 55
501 427
59 179
97 819
210 752
97 486
381 267
451 745
574 119
309 772
357 705
618 372
381 333
347 789
517 602
286 819
199 455
219 266
372 608
205 550
545 590
245 363
147 307
670 217
384 812
674 610
173 162
574 792
181 787
312 575
552 290
208 525
83 241
314 584
385 167
469 78
320 700
298 259
13 625
130 376
339 657
355 259
451 432
103 582
493 238
