665 624 158
8383
486 328
133 40
128 264
337 200
356 462
296 148
81 32
170 657
223 611
126 536
595 44
329 524
12 50
86 299
611 262
488 563
252 24
324 202
411 516
268 278
589 139
24 247
126 332
531 459
491 86
378 565
11 217
112 171
396 92
61 474
517 90
441 182
199 64
74 309
356 521
351 530
344 135
414 398
597 123
438 408
31 242
51 289
137 160
266 346
101 130
127 32
323 585
549 466
97 559
328 610
204 450
472 81
281 53
70 656
434 542
102 281
240 266
610 97
28 621
121 60
345 367
125 313
537 360
108 187
271 80
537 515
407 48
334 533
345 299
195 196
314 112
57 181
111 25
429 88
93 637
58 304
283 356
137 76
134 599
488 400
191 76
405 356
547 252
281 605
273 290
185 634
515 629
560 658
296 333
399 410
263 540
178 64
351 314
18 471
183 389
413 194
1 376
607 208
221 26
404 43
104 567
492 455
577 556
68 4
455 482
22 576
274 11
521 90
201 306
387 4
451 585
71 632
551 348
282 126
221 319
300 60
115 508
561 659
620 423
322 636
194 575
248 626
618 449
612 152
56 278
240 273
228 620
620 211
203 298
93 196
120 536
449 383
426 150
492 219
407 146
422 378
10 486
96 101
60 563
317 224
200 313
101 531
255 78
495 84
232 312
554 283
610 374
576 144
597 543
33 140
569 480
535 255
256 321
233 87
517 583
403 206
78 287
533 515
371 232
464 163
280 118
387 590
325 88
255 547
305 105
108 55
364 505
500 100
228 438
366 658
168 526
539 81
263 45
536 115
10 152
186 385
129 366
134 198
179 542
41 159
546 41
142 221
482 94
308 232
615 388
325 523
375 638
459 618
555 182
13 359
286 357
405 251
239 448
171 194
224 131
471 138
608 286
577 545
276 628
150 517
559 41
441 388
544 27
488 254
302 383
209 397
286 266
283 567
606 162
187 528
60 32
555 15
36 405
290 238
378 349
147 614
145 464
380 526
566 635
288 454
165 75
385 597
160 634
34 510
13 17
370 265
92 449
54 567
584 112
51 255
150 281
199 326
305 564
420 616
355 69
182 479
431 411
568 51
541 97
226 470
317 536
616 170
112 402
518 278
126 430
69 471
322 490
488 132
296 540
82 52
489 484
294 201
169 266
110 591
306 229
261 646
186 46
622 168
460 440
620 651
317 134
64 271
305 593
298 523
361 580
607 172
507 353
130 328
429 60
30 447
303 99
63 445
565 620
229 33
20 346
446 456
11 50
307 392
89 488
186 437
146 228
68 658
257 201
49 251
30 170
604 472
422 650
243 61
299 183
622 594
489 407
240 214
83 584
543 237
151 389
354 231
594 248
264 464
448 351
183 612
244 478
154 80
456 111
408 646
167 482
339 137
416 327
23 252
355 302
234 583
244 312
58 565
575 200
201 384
434 134
616 25
175 185
602 451
519 253
275 254
272 47
461 519
412 120
548 164
232 32
19 181
255 144
341 189
209 577
19 55
512 482
201 523
265 242
350 538
362 330
80 345
13 363
425 323
406 267
474 464
469 99
338 303
468 187
443 371
273 565
443 367
101 482
253 631
450 148
165 333
267 65
110 589
50 118
41 289
204 242
128 52
580 406
268 453
261 412
378 262
93 496
558 500
356 108
592 582
31 236
58 557
451 567
182 398
494 45
179 439
379 290
572 538
419 4
83 509
96 239
348 325
610 636
445 68
6 366
459 581
377 405
232 401
214 655
487 127
299 638
457 324
313 342
372 130
279 619
173 549
554 231
111 141
73 146
604 577
116 390
315 464
418 127
184 112
79 463
613 342
284 383
235 215
403 244
27 508
311 247
28 650
82 331
514 291
126 81
4 308
30 67
116 579
84 496
427 228
196 299
131 605
485 74
113 47
362 123
454 55
78 494
72 616
138 46
84 419
104 81
359 35
75 279
480 626
485 92
118 483
15 104
358 396
304 66
146 508
166 453
608 506
52 493
500 219
564 274
558 243
406 30
209 487
459 188
63 655
341 247
624 30
282 528
11 47
204 67
573 267
259 459
332 97
177 250
285 460
100 647
194 443
569 626
401 590
171 223
43 284
398 388
134 216
322 607
450 4
32 346
225 207
489 183
227 237
224 43
273 645
308 646
605 79
208 96
59 116
338 483
270 427
420 520
497 599
191 466
49 189
243 518
369 51
25 527
153 149
248 497
323 540
387 91
509 173
605 495
222 594
500 366
263 71
7 367
307 652
214 518
76 325
161 66
616 401
290 256
62 595
422 557
455 630
328 656
365 275
590 365
610 656
488 358
423 234
501 147
188 163
573 419
535 467
603 245
319 505
516 499
100 434
569 637
527 65
380 279
338 518
61 74
551 659
172 331
454 260
405 515
407 192
186 502
451 37
209 112
295 18
134 351
288 202
562 167
160 648
557 51
141 298
603 416
596 629
181 409
617 458
78 218
523 595
282 264
581 107
600 619
177 55
435 326
531 375
225 176
617 408
37 655
565 445
515 49
163 31
4 121
91 546
580 80
235 517
216 56
196 206
604 651
294 510
408 179
370 283
471 414
42 305
283 584
280 445
36 314
463 492
297 265
27 87
401 240
83 273
127 78
210 289
45 93
341 322
307 467
536 542
342 210
344 293
582 158
108 131
498 126
93 48
545 55
79 596
392 59
136 378
224 390
311 137
381 354
534 2
236 387
533 570
494 494
167 84
500 538
473 421
295 1
621 499
74 231
225 356
610 542
575 383
562 653
109 485
406 49
359 623
203 247
473 12
89 260
484 209
426 271
290 104
54 663
410 444
419 177
100 665
75 613
21 140
478 65
232 498
516 430
402 607
105 131
80 602
72 163
175 293
40 381
382 646
411 2
448 589
358 522
72 8
217 183
622 626
527 37
276 409
336 574
49 67
313 153
534 469
537 632
543 647
208 448
232 397
366 247
400 426
15 462
623 421
136 573
339 406
109 390
565 66
10 359
472 290
42 427
570 660
453 558
8 23
387 181
423 468
442 222
122 52
426 516
507 106
399 110
422 107
323 268
4 239
518 206
255 294
607 76
411 331
497 584
89 569
115 128
459 228
383 73
56 32
214 460
150 383
552 82
25 539
180 455
104 431
167 415
601 84
460 313
122 616
1 292
461 565
107 327
607 531
520 284
478 37
511 140
240 127
451 579
512 626
3 276
10 241
347 63
414 96
592 584
359 473
83 662
542 340
97 349
215 179
265 585
265 172
224 640
221 301
439 413
253 336
427 167
420 237
332 142
232 530
284 396
586 389
204 280
115 386
587 184
316 406
460 587
329 655
415 219
128 146
282 376
366 342
119 56
174 363
184 519
67 57
46 335
594 534
585 662
15 406
624 118
9 166
34 348
89 559
619 628
124 52
475 272
95 150
552 623
37 57
386 51
23 662
215 233
617 615
585 495
352 427
459 327
140 445
564 271
476 364
190 650
46 600
395 159
218 258
44 87
547 417
320 455
497 356
105 14
364 37
92 517
465 379
205 251
77 594
76 542
461 552
166 238
517 456
414 157
618 464
344 9
248 16
72 410
411 232
286 243
101 433
522 359
207 235
125 492
246 396
258 649
413 230
334 516
28 517
19 49
270 328
104 266
77 364
178 617
283 498
322 497
393 225
535 473
260 635
364 227
350 52
121 160
468 565
366 481
270 202
465 317
274 70
568 164
230 238
299 214
416 532
446 229
494 55
88 382
405 380
85 592
564 334
236 27
343 228
180 310
389 264
74 153
19 145
446 2
174 564
605 412
193 157
184 498
220 50
226 609
129 281
358 376
451 496
537 177
6 304
253 478
572 357
234 127
551 451
470 439
293 212
573 228
411 458
46 92
31 527
70 387
562 396
404 598
40 209
175 70
266 360
493 423
288 430
386 280
26 8
549 141
146 433
176 609
487 502
554 88
198 528
309 120
225 393
343 213
27 343
497 151
104 616
525 205
210 639
353 282
10 253
83 539
302 405
289 600
2 382
174 583
536 89
197 560
169 508
486 332
19 178
326 264
514 210
552 87
367 115
495 592
37 346
112 441
249 364
156 619
343 518
331 217
124 550
425 552
286 403
94 428
140 98
511 267
397 175
360 57
158 28
25 632
377 559
35 276
23 552
28 586
531 229
301 54
452 307
624 450
424 505
616 445
246 85
155 639
466 486
327 371
279 523
78 149
265 617
424 513
451 56
77 10
153 634
48 414
74 232
369 235
527 535
443 311
274 525
211 464
104 217
588 92
468 240
136 512
264 311
541 519
545 216
540 663
607 107
302 28
335 236
210 623
464 523
267 426
60 300
173 259
429 638
277 116
205 180
170 177
200 80
621 314
4 288
412 66
489 2
37 234
575 480
513 496
361 504
385 67
181 208
451 248
176 631
136 119
288 413
502 418
278 500
497 517
106 441
537 413
78 92
512 335
568 322
42 423
439 113
534 381
37 111
342 294
619 646
52 482
351 572
607 452
260 603
301 624
7 71
369 251
287 316
109 550
136 358
591 146
397 495
391 655
431 393
250 410
378 118
336 42
177 597
150 490
175 445
183 660
16 254
282 369
53 342
568 78
579 151
575 545
451 253
590 114
149 570
14 96
184 433
251 300
368 90
184 609
334 466
613 45
375 375
198 129
408 218
161 503
554 460
278 350
326 599
37 188
326 148
254 599
332 124
563 532
101 108
200 438
181 87
272 53
556 185
283 601
13 277
234 566
560 462
397 324
3 413
301 259
349 300
587 486
442 494
622 474
200 430
320 165
148 375
19 185
514 121
114 141
503 146
139 196
18 536
352 646
42 387
442 77
396 464
156 618
401 470
168 99
218 563
328 358
379 278
199 206
295 488
265 606
602 248
622 396
241 305
381 392
72 423
519 35
494 35
260 504
155 615
477 152
271 60
197 207
511 505
77 302
100 563
580 398
138 516
420 317
576 377
265 548
248 481
204 290
242 295
240 237
49 128
357 281
504 36
426 385
585 15
188 156
2 66
117 152
136 275
445 306
404 536
214 426
363 519
374 68
575 522
437 439
156 553
578 636
403 419
192 180
431 628
503 479
611 174
246 181
161 321
141 577
35 578
400 495
34 347
167 124
280 622
564 10
601 330
197 303
328 205
253 240
523 368
279 47
158 133
519 294
210 418
118 88
616 663
618 128
441 563
232 43
312 451
297 220
329 321
158 425
157 611
503 215
112 48
512 31
71 324
410 640
573 159
138 654
19 544
456 165
243 151
381 545
108 232
557 400
158 609
597 498
12 172
599 617
535 584
573 294
2 487
233 275
178 227
96 253
72 223
199 530
154 610
623 598
552 539
530 161
144 284
534 293
421 374
618 292
302 269
26 590
199 563
141 131
419 268
215 51
610 518
374 61
46 382
182 249
140 310
527 631
464 421
378 312
440 300
177 453
580 517
494 49
100 201
441 472
336 407
565 138
499 400
434 438
229 551
565 185
60 573
3 556
168 124
144 279
431 662
169 363
32 261
579 47
340 216
448 3
407 654
20 97
41 395
595 611
337 303
462 16
522 183
453 65
42 133
483 592
516 402
148 229
553 642
303 358
457 630
130 11
45 611
267 631
524 604
298 537
538 366
554 636
300 641
564 657
83 308
252 302
389 42
126 447
297 3
174 76
615 189
336 588
463 478
414 363
26 651
16 367
599 601
363 653
563 381
493 281
227 476
277 582
546 636
571 368
623 284
232 547
354 606
452 11
542 103
196 474
601 553
401 170
363 239
3 245
495 250
373 72
404 298
50 501
53 49
416 141
445 263
337 642
459 181
19 540
47 654
343 184
4 611
145 294
298 74
238 384
624 260
432 450
150 632
338 212
415 545
381 518
260 511
390 503
64 569
122 346
230 368
24 88
337 425
413 208
44 584
371 170
206 401
167 199
510 323
237 609
146 13
458 459
284 399
73 11
404 319
498 342
301 442
3 168
546 101
522 39
369 583
86 355
335 20
586 507
552 118
545 664
66 313
481 242
595 398
595 591
535 228
119 278
16 602
233 13
359 223
101 318
304 262
371 478
70 453
471 665
84 159
173 337
522 655
583 44
466 505
456 122
196 269
108 608
334 462
475 487
325 139
244 280
438 57
492 329
263 134
291 607
183 25
216 491
308 97
427 440
441 593
390 338
598 47
225 190
427 658
440 574
580 216
447 503
73 132
435 629
115 209
399 354
423 240
35 203
414 6
180 265
495 465
463 114
185 175
385 329
316 427
89 70
145 601
18 401
158 567
548 160
501 625
547 404
318 86
333 410
35 398
53 376
134 38
41 141
97 502
150 307
613 594
457 118
451 297
304 108
409 239
133 633
366 285
303 318
187 497
413 244
223 49
194 154
492 486
576 525
20 144
497 616
523 488
607 365
434 330
526 192
487 632
134 196
521 620
231 591
123 300
388 514
506 497
305 186
351 507
244 501
463 177
97 88
457 351
518 229
392 654
399 619
9 209
364 626
356 90
377 225
222 470
393 123
609 93
164 638
569 551
389 201
611 45
504 615
205 513
445 383
137 223
483 298
13 390
604 144
471 408
108 570
507 193
255 501
437 4
182 458
98 331
124 164
42 191
592 210
362 512
592 61
422 430
357 544
260 100
383 464
503 240
271 6
333 484
159 610
220 535
137 415
495 648
184 514
609 470
596 297
76 90
10 341
442 143
501 361
468 273
590 398
226 449
72 374
14 401
261 613
42 16
195 254
489 566
163 41
71 299
162 267
14 130
160 247
184 29
379 378
549 234
483 127
206 320
497 81
145 512
138 10
538 2
390 482
548 594
282 591
342 566
48 424
286 489
63 317
297 242
209 570
478 598
415 259
499 322
542 662
454 457
306 662
239 335
403 293
254 228
323 45
580 209
221 53
120 590
140 164
300 106
73 223
62 437
90 329
542 365
135 355
418 591
310 167
82 483
549 129
52 361
95 168
345 264
166 105
359 474
103 637
67 230
159 235
480 580
338 143
47 386
314 558
427 549
103 476
288 390
400 550
334 126
129 183
241 573
255 365
372 69
192 256
527 389
597 383
509 364
248 58
457 490
309 107
618 189
509 227
41 485
550 203
354 80
591 381
580 365
569 634
292 260
441 58
576 204
523 86
29 216
471 590
91 110
458 458
549 659
415 529
505 433
551 225
338 599
585 478
572 536
554 558
219 14
85 121
532 635
35 89
406 626
140 256
193 100
432 506
127 227
608 168
211 438
71 381
455 54
343 587
564 593
486 647
96 78
462 328
139 234
172 397
306 230
292 415
196 471
577 236
144 212
244 626
258 502
429 575
506 476
470 620
475 105
18 242
174 270
548 233
426 297
580 386
412 43
559 190
230 525
463 261
571 472
291 85
151 294
207 381
116 233
509 26
26 600
271 590
208 226
416 85
410 481
294 149
399 601
497 385
159 665
309 548
508 16
91 315
139 182
349 271
235 130
555 30
389 58
493 308
35 487
569 252
328 534
107 269
1 8
514 354
62 357
137 152
213 291
359 183
164 251
498 467
372 614
540 16
36 373
522 197
483 634
137 536
321 328
305 578
264 209
541 56
434 392
152 438
156 525
500 500
404 490
307 380
189 88
86 317
461 253
463 664
321 10
36 532
189 512
165 301
22 115
263 242
304 99
130 320
386 480
337 465
216 456
439 63
338 35
17 157
214 661
367 25
391 245
297 605
82 76
434 278
343 110
319 499
546 152
566 556
56 281
170 374
569 454
492 338
432 25
201 603
477 453
61 328
171 419
327 398
116 441
70 312
246 335
558 383
189 586
532 42
138 496
601 28
319 291
82 119
299 572
511 482
176 445
342 52
517 630
286 54
343 349
329 56
466 466
72 3
56 529
475 29
186 501
502 96
336 470
16 56
416 461
618 397
92 343
54 452
80 229
169 205
408 651
233 198
599 455
423 662
238 168
438 565
497 256
464 384
468 438
602 177
440 242
387 443
367 460
10 27
210 424
268 363
229 104
307 242
9 8
475 552
89 189
548 91
118 398
257 502
269 529
482 503
352 7
459 93
107 352
432 618
199 398
475 295
153 52
496 149
239 525
423 645
229 179
156 427
269 294
6 72
556 286
389 547
171 625
410 545
241 103
285 1
115 332
250 88
237 427
24 129
57 123
563 357
611 659
306 249
603 121
405 440
311 252
604 86
417 228
437 147
434 255
524 640
472 369
53 377
579 55
469 276
200 326
39 332
58 386
35 33
143 244
219 371
442 217
341 502
287 310
419 523
598 113
214 618
366 417
470 362
391 388
131 619
615 514
316 379
201 138
511 47
79 246
576 264
357 248
102 29
169 575
314 457
532 622
364 398
6 411
477 373
155 146
560 325
312 81
446 609
206 174
430 345
471 229
402 645
4 7
238 427
286 396
286 472
238 552
233 116
379 629
189 635
133 176
178 277
584 397
199 65
235 414
3 510
288 526
8 224
73 270
267 232
615 207
50 314
407 32
237 441
196 141
52 289
532 391
140 345
283 664
328 119
441 95
321 488
308 561
128 382
202 554
453 419
496 608
93 304
42 324
147 124
279 553
195 474
85 358
482 273
411 115
100 14
217 354
66 525
610 281
486 395
337 34
38 512
617 364
382 350
146 646
115 407
581 590
128 532
623 244
426 216
619 313
595 618
361 100
533 526
570 151
568 134
13 370
229 456
133 345
276 64
448 663
74 600
263 198
334 176
50 75
397 657
55 79
304 314
5 373
368 121
364 499
161 226
200 225
4 480
432 605
390 532
581 574
472 230
43 418
558 656
528 460
369 128
559 37
4 620
403 27
84 613
312 509
470 326
493 32
369 516
495 351
455 639
54 207
123 83
199 469
461 496
604 368
222 248
445 354
32 597
281 543
16 430
33 64
493 328
90 401
20 214
410 612
445 532
289 625
251 325
114 488
254 459
227 422
137 515
321 87
459 183
306 477
532 161
521 471
216 600
582 374
327 505
227 611
236 133
121 291
208 581
60 404
296 172
54 391
562 651
54 82
357 407
7 327
623 163
492 547
400 444
517 26
287 626
520 556
320 99
72 621
207 367
459 610
408 385
303 101
358 378
600 176
178 53
250 174
591 258
606 205
529 529
347 123
177 375
200 323
229 294
592 62
117 552
242 165
238 404
441 309
187 573
242 250
332 130
87 58
571 502
260 452
128 13
517 528
119 436
546 126
336 424
523 432
27 440
238 209
518 529
60 30
160 327
624 371
570 538
251 96
444 179
451 347
579 658
200 615
196 548
114 575
334 597
570 133
360 598
469 178
545 42
269 145
509 611
165 650
381 401
485 110
623 67
329 599
31 514
179 622
45 103
340 30
206 295
248 573
621 325
600 545
235 227
621 237
159 303
410 412
396 83
406 122
558 196
432 112
389 558
622 201
568 56
233 387
502 550
604 192
91 638
123 240
390 464
154 450
587 84
447 505
387 476
81 349
486 284
235 450
93 249
154 571
492 418
92 419
435 86
188 428
376 472
263 213
343 252
251 115
545 372
394 292
602 91
18 489
371 418
264 515
352 245
475 64
460 469
518 386
191 358
456 512
409 456
571 85
327 43
301 486
514 158
24 83
226 74
160 284
148 345
75 54
362 408
454 38
594 363
366 600
342 482
56 44
220 271
569 325
437 270
232 289
30 38
92 221
159 138
243 364
84 354
407 78
326 282
423 658
348 223
410 663
605 325
426 76
214 113
249 520
585 444
584 24
175 387
622 195
192 236
60 425
405 376
247 13
277 411
344 121
424 307
323 167
190 212
424 483
505 26
200 71
170 237
522 217
187 313
598 574
299 350
236 353
574 442
321 40
115 364
258 194
559 606
417 514
323 370
30 273
216 24
301 345
68 640
440 371
420 425
352 405
111 301
129 31
40 340
120 84
615 115
257 290
114 365
534 626
172 486
465 277
101 373
8 85
186 520
192 538
408 538
343 392
459 365
591 609
322 405
308 211
176 33
297 647
137 82
265 126
312 19
429 183
429 210
172 29
471 467
251 296
548 398
413 484
370 382
97 405
599 286
355 216
483 295
608 358
353 530
539 482
89 112
251 495
304 238
530 596
19 579
265 416
623 479
41 501
147 122
462 554
530 588
124 154
102 409
579 153
465 502
292 452
377 311
189 190
314 137
38 57
331 80
448 151
576 523
399 146
229 246
417 303
371 193
203 108
549 646
382 632
262 111
193 76
235 284
297 353
486 587
403 359
263 485
360 390
99 509
38 544
265 398
152 460
472 208
572 271
7 227
336 155
323 71
193 622
324 169
412 569
477 316
144 301
504 131
480 55
461 543
46 75
402 510
279 235
295 588
260 295
78 244
7 198
433 652
568 119
497 602
250 335
515 260
220 263
250 658
480 614
364 12
240 392
212 9
499 69
362 461
462 659
453 121
274 79
540 183
306 310
85 612
379 161
582 613
526 492
97 644
47 361
249 293
279 536
145 420
619 101
148 573
592 488
455 628
22 522
205 199
375 280
617 531
363 458
259 220
12 615
201 159
560 460
422 118
560 120
139 484
73 482
264 510
208 134
363 561
514 544
4 559
443 458
360 650
258 139
598 18
250 483
442 293
175 611
253 139
598 95
305 122
400 614
505 113
604 657
106 70
272 455
575 356
386 250
489 81
508 416
403 390
10 521
410 387
363 167
179 509
303 335
75 328
494 574
67 307
24 560
104 311
290 134
426 236
403 205
364 64
160 551
473 17
573 27
212 389
50 289
301 602
147 576
357 306
398 169
592 543
271 513
305 573
418 385
267 525
89 45
143 329
135 392
112 261
249 251
121 594
300 477
623 60
64 648
276 545
510 258
68 519
120 496
183 457
412 604
273 474
237 452
100 285
524 204
147 249
488 168
353 459
519 333
74 34
375 335
466 554
245 307
272 139
343 638
232 581
349 361
17 308
66 236
258 663
218 250
197 239
34 559
588 192
209 522
185 427
353 466
618 356
427 472
349 88
140 176
405 303
3 36
361 157
334 579
38 501
29 25
118 271
498 385
553 338
297 524
229 37
173 522
386 160
593 403
135 204
140 174
497 402
360 596
372 364
222 311
370 489
28 455
27 231
214 4
280 20
321 572
77 115
464 436
454 173
302 648
293 553
368 327
508 196
122 572
588 66
228 166
41 459
358 176
493 277
106 225
319 485
103 573
555 368
608 417
608 136
310 206
115 618
555 473
346 284
501 628
127 449
398 159
510 129
267 114
24 463
607 542
621 367
294 263
384 398
56 79
118 656
178 262
16 662
402 480
128 254
162 41
281 89
90 65
166 331
570 211
199 85
115 462
372 365
257 248
256 74
330 547
414 423
244 108
277 228
482 445
511 541
285 4
136 132
18 553
349 33
328 244
11 637
494 240
176 121
273 557
88 500
472 399
50 486
121 405
381 219
341 494
48 49
598 240
298 409
182 93
490 461
9 215
42 63
450 481
241 261
384 204
362 489
218 61
346 288
609 318
130 340
160 585
200 394
583 76
604 121
296 253
294 363
438 492
99 576
599 354
557 289
246 176
600 448
7 501
483 356
589 41
460 409
90 587
488 95
557 314
513 234
496 451
37 406
401 242
464 418
93 393
474 190
354 460
49 628
101 104
288 656
203 12
606 655
491 559
351 291
85 478
559 589
335 38
104 629
590 621
57 222
445 578
563 515
22 111
162 226
294 160
209 149
104 265
165 505
246 568
389 135
164 408
178 85
451 212
175 197
613 263
234 302
551 307
602 192
612 519
66 121
206 130
107 124
590 579
197 141
126 448
398 356
75 220
202 359
533 554
435 236
164 395
80 377
113 641
485 349
524 25
258 177
157 480
462 383
194 333
267 399
276 121
257 67
201 97
573 94
578 523
414 311
482 644
480 419
296 570
6 284
139 647
324 224
373 232
296 230
502 377
144 103
506 398
197 65
64 290
115 238
416 445
326 136
18 577
57 485
167 122
526 187
149 487
503 211
429 455
254 376
49 361
129 335
422 465
141 321
160 296
235 591
406 627
540 159
32 323
168 413
78 569
411 4
9 515
385 270
613 358
522 657
421 413
62 90
416 106
67 75
591 660
188 406
560 176
270 491
30 339
491 612
361 143
149 229
313 87
524 434
342 528
295 40
529 69
536 443
164 400
509 375
173 279
604 338
299 280
447 547
163 219
39 156
248 616
485 243
407 178
117 431
520 514
435 334
538 85
469 70
513 582
612 427
520 16
336 605
601 339
178 247
585 465
54 154
200 601
478 15
23 204
469 286
119 560
183 386
220 250
5 517
557 495
471 559
372 274
190 344
343 417
98 318
390 341
378 136
517 639
179 362
265 217
493 463
565 632
253 612
384 474
95 13
487 249
325 24
238 366
361 264
125 456
516 406
70 457
556 311
435 299
553 201
405 199
177 225
68 206
441 507
91 187
479 305
590 170
245 254
273 626
139 251
295 493
51 463
549 518
598 3
274 31
106 648
566 141
509 272
59 47
253 591
425 554
443 605
353 547
452 104
120 19
288 371
50 208
476 76
396 184
6 243
154 585
353 322
201 573
368 400
589 186
210 537
542 32
573 387
513 636
443 99
130 441
272 460
423 141
300 316
315 562
45 126
420 400
399 450
140 640
75 382
506 248
178 490
178 181
581 237
575 172
347 319
566 463
109 98
289 385
5 83
109 664
274 178
166 504
209 284
592 604
528 229
534 571
305 351
519 662
353 50
494 267
558 170
471 166
8 220
7 231
129 33
465 526
609 326
55 636
391 60
384 107
517 7
53 501
227 633
250 459
324 257
484 210
220 470
117 534
585 226
332 499
56 234
476 323
119 279
193 607
525 495
323 662
494 334
121 85
238 387
404 160
300 164
507 414
46 60
260 414
243 97
565 353
94 268
485 228
107 277
497 55
182 82
487 141
144 210
174 323
83 350
321 142
534 447
296 342
68 483
524 237
56 487
275 33
479 430
437 474
217 206
165 258
153 315
435 136
146 194
149 197
472 112
47 515
156 23
296 179
23 66
490 641
581 435
35 235
340 299
298 386
301 205
237 9
458 301
235 642
37 26
212 576
95 411
435 414
452 543
350 193
328 614
235 356
302 458
114 652
279 441
523 9
347 418
451 204
381 8
578 497
609 332
539 158
46 336
347 647
255 648
364 230
183 137
374 364
396 573
577 419
463 546
513 373
185 428
201 473
175 226
460 475
239 401
371 260
521 227
380 501
49 585
286 103
538 234
294 293
574 632
358 266
459 113
292 185
535 647
58 233
265 92
358 508
84 101
307 452
547 561
374 577
455 521
367 479
482 9
356 324
363 439
322 466
343 240
106 563
537 437
116 287
359 257
601 604
53 226
312 144
185 464
410 106
567 278
72 152
200 487
531 164
420 408
545 484
109 310
282 646
408 451
530 424
524 222
578 321
440 198
619 453
214 326
304 490
84 622
467 627
51 320
331 78
256 203
186 23
370 441
506 65
569 653
572 26
197 292
478 582
614 574
624 145
524 527
240 183
303 59
278 473
213 182
216 259
591 589
482 309
49 630
515 261
511 434
330 346
317 87
391 9
67 506
332 170
226 423
65 235
241 341
41 53
352 186
96 528
138 168
14 552
1 606
608 639
250 429
244 216
209 157
344 274
511 303
187 336
103 90
196 252
599 210
25 256
605 306
35 580
398 98
328 372
591 374
448 642
257 585
619 550
446 78
210 518
587 665
14 551
54 196
225 287
609 27
544 654
508 503
338 306
370 281
417 479
281 617
441 319
433 601
383 187
175 540
464 84
211 28
81 55
287 273
562 245
103 130
78 362
583 347
586 36
163 175
392 456
559 387
227 424
62 233
454 195
527 259
204 265
522 371
589 228
227 453
496 603
562 428
493 372
118 429
454 223
566 326
135 65
573 263
445 337
542 218
143 474
159 319
352 141
416 156
286 352
593 6
578 460
562 88
497 179
292 202
500 304
319 572
386 364
222 100
565 485
432 571
272 287
390 400
365 563
35 530
132 311
178 537
418 416
235 212
26 135
97 436
63 238
307 446
100 320
553 93
364 390
232 410
362 32
288 504
287 381
113 244
23 20
363 266
200 11
546 405
187 507
439 212
46 522
271 604
382 451
104 419
156 9
90 255
214 544
24 538
471 379
544 336
541 350
69 72
367 590
494 372
165 410
310 550
559 369
11 350
364 646
390 495
95 569
212 619
85 260
162 347
276 138
320 647
149 285
4 406
168 81
3 656
479 437
391 4
355 186
201 94
143 250
543 348
314 519
472 640
460 579
188 71
418 52
587 645
218 255
80 353
598 259
473 289
503 370
133 656
541 371
95 579
407 352
126 221
226 410
256 481
9 285
15 32
29 363
605 467
413 577
365 272
492 214
504 541
599 14
470 521
422 176
438 483
46 582
16 546
182 436
560 414
38 10
174 630
436 152
284 152
199 189
281 181
280 517
118 663
385 616
304 455
456 496
276 185
237 237
560 548
207 662
34 563
513 29
29 319
341 307
379 614
604 431
119 230
100 172
78 82
396 100
383 4
262 76
182 595
11 109
51 167
85 130
411 21
499 620
614 461
189 73
615 363
160 561
475 47
478 309
554 302
563 510
56 96
143 163
233 79
377 414
116 15
9 650
111 349
466 619
177 164
115 426
358 380
22 425
410 455
159 3
496 364
150 401
582 640
347 49
194 375
51 206
68 288
606 413
152 333
578 262
334 38
483 167
102 510
347 24
429 84
307 125
427 288
526 221
574 251
307 425
235 498
336 31
550 117
438 64
207 375
108 384
176 334
109 512
494 508
111 665
7 492
560 535
318 338
603 94
493 500
155 436
87 230
485 427
201 235
333 236
20 28
303 23
35 288
572 110
323 58
524 567
463 129
423 649
451 352
126 609
319 274
445 371
448 407
25 543
368 26
314 275
252 451
417 637
293 273
270 562
283 162
553 193
49 283
37 280
378 46
139 574
56 579
367 205
539 127
220 598
167 592
176 604
187 605
239 7
237 475
41 419
112 120
68 26
147 20
150 573
69 260
56 228
185 581
346 355
558 441
266 531
199 473
454 63
110 541
255 123
516 551
41 443
165 414
538 209
490 476
119 392
53 264
43 424
346 43
18 576
598 597
607 536
432 369
472 84
521 355
178 288
127 312
304 419
458 515
480 404
495 610
535 146
488 485
227 512
460 404
602 27
112 225
171 415
333 171
390 631
587 444
122 470
74 349
130 555
541 552
385 18
130 541
85 65
559 16
341 527
137 259
466 317
92 286
202 405
182 650
438 87
550 441
399 342
531 476
363 49
128 508
594 413
72 254
253 101
355 349
174 419
44 56
177 606
598 489
199 335
440 126
78 190
315 137
324 568
622 423
529 526
426 274
134 110
525 140
155 73
83 402
44 160
456 431
531 64
525 326
290 93
376 395
293 482
574 319
325 203
242 22
102 645
433 515
568 81
322 221
264 38
195 543
508 457
98 650
185 17
225 171
533 38
68 601
348 367
254 69
110 70
281 443
388 406
472 97
368 330
128 141
156 470
51 28
497 327
482 163
469 363
207 134
440 130
9 365
622 287
9 249
195 102
225 291
135 90
413 20
450 589
268 404
175 555
317 37
53 423
601 306
51 80
88 96
387 80
382 63
151 212
496 486
27 271
424 623
623 555
410 535
416 495
530 342
132 289
46 650
314 126
135 358
172 426
258 369
352 564
387 383
93 514
424 110
274 289
52 655
66 458
153 617
330 481
363 489
273 342
578 558
61 146
552 599
39 56
498 17
563 460
356 604
545 160
349 104
478 252
144 627
422 275
288 463
502 302
405 226
23 18
171 6
300 591
487 441
96 337
359 3
503 296
100 169
159 201
616 126
415 471
608 460
310 478
620 665
510 81
261 211
58 73
358 486
455 132
98 432
182 648
284 31
562 6
141 515
3 359
164 559
485 520
185 303
101 467
313 556
562 338
405 620
247 425
299 541
282 494
256 659
171 104
11 628
291 551
138 231
402 223
567 131
345 575
336 257
221 350
322 248
63 104
465 170
277 597
338 656
497 649
557 11
102 503
284 439
75 391
23 302
193 614
44 37
486 336
571 212
301 492
235 432
326 224
395 572
267 368
109 436
340 531
449 474
528 176
542 550
192 598
317 323
328 327
518 561
253 569
229 328
359 451
248 437
320 392
207 286
458 249
142 539
224 20
215 658
496 643
196 320
435 45
128 28
278 256
401 399
67 225
366 443
558 307
581 403
111 498
512 357
616 585
155 109
616 654
502 316
578 376
433 40
140 575
185 492
108 438
601 452
414 649
36 352
322 157
198 65
566 42
330 615
164 249
498 232
14 363
49 613
386 410
608 591
498 329
314 377
548 235
599 21
115 85
248 566
464 478
514 27
259 167
31 83
73 244
289 94
22 584
216 662
42 584
301 48
442 300
526 115
124 105
300 56
554 455
375 201
502 97
613 645
568 160
349 187
38 418
137 525
229 368
507 227
381 92
300 8
617 630
392 216
211 445
187 217
215 293
327 7
377 611
76 27
621 232
484 25
611 216
293 290
256 346
91 104
487 209
510 195
446 565
79 35
528 445
613 401
609 174
618 132
377 492
552 287
168 543
228 209
176 109
377 13
193 288
399 559
460 182
222 511
31 102
234 572
445 514
248 32
193 503
610 431
440 199
287 227
598 618
562 545
115 660
479 42
14 11
77 58
588 46
436 35
434 89
537 565
73 231
195 421
607 187
389 21
584 127
360 153
406 190
501 461
593 531
236 276
619 504
88 597
440 363
479 549
281 468
543 213
345 602
590 149
440 241
369 230
295 418
285 76
410 382
12 291
284 214
475 629
397 218
561 38
307 159
392 8
405 23
187 401
422 352
306 323
42 433
611 213
379 657
53 89
350 654
500 640
345 432
494 230
196 98
171 656
351 392
149 403
297 660
462 608
475 361
614 539
504 444
110 540
40 315
73 605
94 287
504 546
211 624
374 336
218 337
353 630
23 602
611 525
112 87
314 41
194 92
35 630
525 663
350 304
287 125
73 625
128 202
102 566
34 506
424 296
483 563
248 399
133 234
456 56
73 72
309 166
255 84
387 150
375 341
73 620
72 483
16 106
190 381
254 43
311 346
506 181
151 229
283 284
322 653
371 236
126 110
264 379
408 103
460 289
480 21
368 664
135 249
488 436
560 355
621 161
140 124
507 426
237 473
199 531
404 215
104 407
456 509
199 608
100 440
607 198
89 619
235 11
454 647
505 140
388 356
219 568
345 85
566 28
395 324
9 41
373 227
279 464
283 545
337 524
433 470
20 457
143 194
41 659
230 293
588 118
108 188
188 373
510 502
106 118
305 194
531 74
56 381
545 56
117 191
613 512
469 597
88 464
450 61
39 18
7 55
62 278
355 620
38 620
81 88
137 544
406 199
358 39
398 569
601 325
37 304
431 338
596 579
122 491
391 198
32 242
55 460
15 586
464 311
269 183
150 123
281 585
557 515
155 548
378 99
128 420
92 303
481 339
505 543
31 234
168 112
283 182
164 393
158 150
570 492
389 403
129 226
614 105
300 663
54 507
124 470
382 167
375 495
493 243
579 14
443 540
374 308
350 465
435 152
102 476
153 136
211 178
579 183
610 314
413 77
339 584
55 538
587 70
506 79
404 601
347 259
302 557
494 395
129 120
623 587
432 257
75 427
488 653
581 514
37 535
292 104
78 58
622 146
420 576
47 558
430 614
419 77
123 458
218 114
197 391
39 137
373 46
175 88
79 477
420 551
185 48
383 101
170 362
102 540
513 206
286 572
247 636
418 26
91 419
147 535
522 109
281 46
364 358
119 510
512 325
283 169
31 583
498 391
74 59
499 496
335 636
490 429
71 95
543 205
78 201
126 385
491 249
566 521
282 370
229 162
467 193
252 531
567 68
460 617
573 321
156 5
400 165
55 175
475 373
385 519
39 27
45 587
359 185
212 351
383 52
149 462
390 191
225 67
46 376
252 47
126 88
177 216
169 600
370 617
432 438
257 133
22 464
156 200
385 389
266 214
519 485
584 537
621 392
233 450
514 523
517 380
233 659
416 401
271 380
539 656
180 564
208 108
228 12
459 225
106 645
526 467
450 194
406 492
469 424
374 537
561 56
440 47
508 110
184 27
265 455
346 211
220 457
335 384
386 317
122 537
339 300
146 102
558 20
207 565
330 443
537 521
449 16
297 214
306 158
73 547
512 396
107 388
402 66
482 157
391 430
377 382
60 322
581 342
375 570
105 364
219 304
280 529
413 444
126 215
485 426
52 246
350 209
216 329
454 645
122 37
570 90
223 435
120 661
63 31
44 627
53 173
380 563
249 83
565 439
79 78
408 418
538 363
501 355
395 44
462 455
18 447
155 339
331 473
272 26
241 159
373 282
363 536
381 46
340 600
611 246
473 272
126 343
204 42
216 557
478 213
74 154
130 252
290 174
600 640
18 560
5 605
424 213
193 245
614 322
505 108
147 554
393 372
142 398
540 578
510 283
307 51
616 103
282 419
322 253
20 115
179 308
164 502
115 268
387 245
64 259
308 197
319 524
413 385
502 513
609 580
25 412
142 157
345 416
614 565
549 68
232 280
296 190
3 242
241 333
116 491
238 573
38 12
528 372
434 612
371 6
323 406
273 612
383 205
504 300
586 464
518 522
425 397
40 642
379 505
94 551
602 586
258 270
385 141
167 539
310 361
407 154
49 279
535 508
545 305
431 584
435 15
10 67
246 389
108 212
4 354
99 512
471 553
329 16
285 388
435 206
104 27
138 186
346 329
114 90
427 660
486 308
27 376
591 200
216 352
118 192
340 328
79 383
616 406
566 305
243 255
575 92
379 460
360 576
250 433
454 497
148 173
601 642
30 94
34 171
253 167
83 294
484 91
95 660
383 593
129 272
245 359
275 493
102 88
150 394
400 193
215 315
424 38
490 205
470 192
53 662
292 610
149 129
502 603
455 532
324 328
563 51
222 151
44 457
504 383
201 610
537 611
543 218
251 563
434 178
192 397
300 48
281 218
541 292
81 433
49 109
243 432
315 644
472 167
390 563
21 229
197 11
491 532
290 328
302 19
149 72
445 432
397 554
431 180
129 174
108 454
108 434
160 8
144 415
357 507
217 300
261 580
272 282
525 609
571 358
30 189
290 471
279 57
120 637
509 133
59 147
285 172
116 530
174 353
582 1
194 357
465 185
50 333
429 353
77 484
261 541
569 501
296 503
367 130
383 623
566 228
112 341
387 599
296 586
511 419
437 279
564 422
324 127
480 143
172 122
488 289
578 477
231 629
452 162
40 173
411 286
126 323
76 5
359 322
555 26
543 624
327 647
597 560
95 656
37 299
411 446
479 616
565 113
293 68
474 267
161 456
172 144
367 103
79 16
556 326
320 234
414 130
194 664
477 614
19 133
481 518
12 413
241 483
594 178
581 175
506 44
405 600
519 461
348 205
333 496
303 593
202 45
4 1
499 386
168 662
249 79
154 473
40 58
121 588
167 379
173 182
486 285
349 444
181 374
61 61
415 61
623 402
273 610
174 442
333 578
554 366
471 640
216 273
427 564
72 665
311 368
490 656
236 212
539 497
249 249
305 225
606 447
585 350
190 286
512 588
18 641
549 106
454 77
201 181
301 621
414 168
540 89
207 268
372 12
81 561
442 583
323 195
358 346
513 365
341 624
513 262
216 209
216 147
525 309
576 356
476 84
292 216
266 151
467 446
335 153
435 588
65 227
247 328
141 278
285 513
31 31
318 312
525 464
569 235
507 509
68 6
335 422
94 306
4 107
47 576
118 358
258 53
434 543
323 371
16 309
418 616
338 491
597 127
251 175
410 121
112 625
141 12
103 148
482 60
289 610
116 384
166 480
170 503
66 39
108 243
193 609
237 593
347 472
120 206
28 278
59 366
519 287
105 329
581 542
284 631
208 101
401 181
404 177
397 124
312 289
183 275
200 395
54 47
551 551
234 557
229 597
37 647
116 250
45 157
167 611
345 254
438 157
545 515
148 624
87 261
377 121
345 601
468 62
18 289
577 492
318 251
290 169
288 478
147 256
433 457
110 450
294 433
260 49
291 130
159 475
119 651
459 336
435 549
276 452
87 601
551 491
622 10
106 534
156 175
504 124
50 133
73 139
249 389
515 563
373 262
204 359
128 435
338 328
533 498
120 136
54 191
431 518
11 45
603 128
596 451
565 303
423 410
396 218
299 493
170 36
109 508
14 36
85 28
147 42
154 90
206 424
548 133
111 30
617 58
86 332
574 103
173 509
575 158
284 536
564 407
126 163
383 511
349 331
81 235
57 160
496 105
281 347
372 404
489 49
289 497
142 577
509 516
323 347
237 628
586 390
292 253
504 526
416 413
617 15
595 264
348 158
602 205
492 60
123 158
104 4
368 552
246 423
75 498
598 263
472 568
222 646
543 628
11 221
353 428
477 276
321 29
463 241
1 455
348 129
441 486
282 283
96 322
108 584
621 248
518 150
353 646
203 200
60 5
612 515
159 624
63 174
533 392
390 38
444 183
474 596
349 176
106 208
96 343
360 64
260 616
397 72
511 538
610 32
371 633
278 170
364 94
412 134
146 651
44 205
419 452
83 324
472 657
274 280
283 299
409 404
78 28
601 370
61 510
148 471
214 505
506 443
543 35
521 508
168 603
341 621
510 4
482 654
252 87
66 73
357 343
356 386
450 376
146 428
433 21
536 73
431 111
496 461
254 242
139 590
480 452
578 32
1 559
99 219
454 185
266 381
486 155
101 203
584 601
616 649
603 204
347 233
318 264
416 227
511 523
205 49
255 69
510 125
232 137
114 389
585 454
267 457
558 350
72 222
131 387
279 25
88 161
291 389
324 641
585 197
129 480
235 426
302 464
487 226
437 27
312 588
456 635
233 281
367 644
466 399
549 118
248 541
496 397
515 466
101 449
545 218
476 165
270 306
459 114
2 369
114 341
56 497
375 137
500 143
342 22
506 584
405 348
426 554
199 158
498 171
404 564
271 561
229 649
513 435
148 213
349 631
259 642
395 184
577 583
597 143
251 534
345 117
373 91
248 474
26 311
159 512
544 584
273 161
204 594
218 662
565 176
329 573
345 304
227 321
314 33
321 657
278 157
275 12
493 70
543 402
134 257
176 47
352 270
37 244
525 632
465 329
301 308
607 91
522 355
197 323
216 328
97 212
112 276
373 157
248 28
444 297
156 592
293 552
577 47
182 22
277 262
592 213
149 305
451 196
563 310
374 505
377 594
369 271
262 120
602 408
502 122
27 538
322 631
535 657
217 18
337 329
180 313
72 569
150 518
378 113
291 274
394 157
119 296
624 598
147 155
191 657
580 348
318 302
421 197
524 93
124 304
242 387
47 409
229 492
347 574
574 658
427 220
199 296
485 600
542 176
170 45
429 538
573 249
131 418
116 526
241 331
336 402
560 433
278 105
504 647
437 29
123 586
462 266
96 268
36 633
558 293
480 528
211 302
134 18
519 48
538 437
330 248
192 360
459 512
7 616
464 449
372 265
150 173
524 520
52 247
440 31
264 624
276 197
526 155
304 622
85 166
294 648
374 634
522 664
375 99
585 71
486 441
372 100
39 161
300 35
543 572
117 474
156 62
185 468
137 602
121 560
7 177
460 504
371 590
371 223
533 533
511 597
57 307
214 513
455 192
242 485
160 258
111 546
193 377
6 427
135 646
359 24
85 222
50 614
291 82
25 354
284 287
495 600
617 569
387 215
134 664
288 301
24 149
299 525
219 163
541 383
482 430
404 329
369 397
427 322
246 238
15 372
405 24
262 500
161 376
267 651
535 309
259 67
592 21
374 621
492 624
207 629
354 470
274 338
609 156
150 489
489 478
165 342
6 517
160 404
28 563
522 516
233 339
37 532
132 438
45 614
529 551
3 493
248 100
311 584
353 164
488 502
622 107
190 462
305 228
237 431
476 68
555 630
153 15
331 26
130 127
178 574
97 628
280 394
613 605
200 459
350 634
539 104
484 399
220 141
363 524
315 305
241 90
40 589
40 582
492 613
620 617
499 608
154 636
113 527
450 378
489 194
53 277
155 217
606 573
513 548
34 446
495 149
128 68
262 539
167 591
486 67
10 274
464 576
281 38
528 57
582 380
177 221
592 435
75 404
176 522
220 562
178 587
575 233
270 589
82 510
362 79
113 572
434 325
303 121
231 275
455 111
354 504
438 227
527 54
416 639
67 12
335 439
512 223
464 215
175 327
283 328
483 158
481 227
154 470
467 111
568 392
385 263
239 22
486 124
612 179
378 242
49 155
161 269
507 13
521 297
580 506
474 167
262 471
148 557
378 473
194 48
452 391
527 311
434 84
84 227
206 120
153 470
567 414
134 519
421 127
576 633
198 226
138 227
380 20
108 614
45 179
472 15
534 149
229 58
120 237
30 399
419 178
95 125
233 400
162 140
341 260
562 533
589 126
284 218
73 445
401 534
338 443
409 401
151 264
33 486
74 562
194 548
406 81
517 110
232 335
65 250
174 65
312 487
69 621
357 31
7 645
386 152
197 381
334 536
531 137
486 326
565 271
39 584
612 388
547 611
395 8
244 328
291 657
316 236
145 269
168 154
2 357
387 506
162 536
10 197
255 386
49 175
394 561
54 108
355 568
436 203
65 490
423 63
187 321
213 14
205 611
459 299
463 106
134 432
7 512
319 31
61 303
365 619
14 181
474 161
131 150
351 297
608 656
165 405
301 547
605 307
43 505
497 546
476 146
239 273
564 57
324 654
565 161
417 327
122 196
218 455
126 203
543 230
177 663
383 646
117 441
597 410
280 263
373 115
83 351
563 211
578 498
217 119
560 422
508 482
212 439
115 250
428 304
184 69
112 318
514 132
217 90
143 274
58 234
521 13
363 612
577 171
393 562
443 375
259 522
366 250
380 223
385 62
130 656
7 249
496 6
229 22
332 206
136 205
285 116
457 86
327 364
80 575
254 285
295 267
27 294
321 574
51 597
65 461
599 654
365 184
598 495
378 201
7 290
284 560
265 518
615 401
137 138
602 595
246 258
246 410
566 547
29 100
448 363
524 535
143 19
72 634
107 344
438 126
606 218
395 491
36 133
532 197
332 167
220 608
412 256
289 362
271 515
29 486
152 28
379 143
157 157
304 400
617 88
448 204
69 637
528 200
75 237
51 496
301 176
45 338
221 184
188 654
84 526
137 228
301 460
103 341
543 3
34 349
138 22
190 199
593 594
581 380
148 37
282 100
61 537
59 472
58 406
294 427
243 34
29 609
3 264
445 229
441 379
419 214
151 525
322 273
494 482
92 113
207 78
517 2
168 572
166 104
407 114
462 592
120 653
253 319
319 111
117 130
311 159
227 297
111 526
370 467
362 651
113 95
464 632
277 570
562 372
591 419
588 457
365 44
430 483
623 112
519 612
91 156
74 92
214 593
112 429
230 95
284 611
255 405
528 357
207 644
551 173
509 528
147 22
553 426
616 373
469 558
610 522
495 216
506 259
503 404
51 68
457 175
408 289
622 255
581 50
43 361
500 358
69 48
24 169
398 239
543 541
195 656
3 117
580 536
59 363
539 194
362 311
176 461
269 595
373 494
582 609
547 95
316 232
347 422
471 183
360 529
328 153
258 185
187 539
4 350
368 43
30 392
476 215
131 505
133 181
401 427
594 125
142 177
601 390
346 139
266 556
367 30
440 495
73 514
225 15
317 285
350 263
424 654
548 194
108 433
225 641
337 391
396 303
49 219
566 51
159 495
537 37
618 332
141 627
587 44
285 143
3 580
25 298
45 7
490 203
490 87
382 193
145 123
431 223
622 106
244 541
15 43
2 387
542 555
495 497
202 208
99 302
334 388
125 482
400 366
583 423
268 107
241 172
450 470
217 394
348 309
164 135
250 77
476 128
558 546
548 569
365 294
229 27
430 3
488 189
79 100
144 302
385 255
277 213
149 466
28 140
330 260
588 145
316 104
24 27
624 198
545 221
253 255
412 451
517 664
565 592
181 260
322 25
134 188
599 602
166 49
421 245
533 68
344 101
213 296
223 7
355 474
8 30
342 260
387 544
242 70
601 643
10 374
245 13
535 40
348 293
303 560
257 492
564 569
250 131
158 651
277 24
194 503
466 46
330 647
370 318
52 286
616 64
326 154
516 117
169 594
568 556
156 69
202 152
479 386
111 408
53 427
576 572
345 255
184 137
73 149
351 213
95 619
406 532
130 276
362 179
1 327
136 10
564 372
457 600
597 54
160 92
159 331
136 180
121 311
314 230
354 311
161 398
272 549
421 44
565 125
164 578
552 292
47 534
110 385
589 449
18 490
379 521
39 448
586 162
456 151
574 567
401 256
182 263
296 53
468 214
572 493
282 617
74 201
29 221
192 378
478 457
332 286
457 602
113 661
319 565
172 455
369 47
586 526
531 524
530 247
117 658
183 500
29 157
410 264
308 451
394 486
69 304
129 142
14 592
162 255
573 134
328 540
567 621
539 653
146 389
112 28
390 582
372 596
101 616
489 611
84 479
406 475
80 250
403 180
447 472
269 167
72 105
408 439
232 20
386 437
176 220
284 232
287 86
551 74
353 28
201 471
150 266
70 547
62 551
417 333
458 567
516 19
418 544
463 609
488 219
231 216
402 63
258 204
157 503
143 53
117 305
520 455
404 339
93 99
401 468
328 42
141 499
412 206
365 366
91 182
471 654
37 88
428 448
453 514
126 297
486 362
165 515
439 394
84 657
50 461
156 253
558 254
31 339
438 104
135 277
34 287
611 300
417 301
468 10
49 444
240 62
455 126
279 387
275 100
22 292
592 374
593 465
331 401
48 14
70 592
115 42
151 241
597 542
20 437
330 11
173 462
164 584
533 539
545 630
567 128
601 37
21 396
124 14
180 95
319 420
388 249
611 652
321 262
542 443
512 363
87 368
245 24
7 213
269 296
98 454
501 448
52 166
344 633
442 603
417 229
1 231
413 50
470 535
542 194
463 118
74 523
140 369
124 566
60 541
600 92
167 492
56 85
458 26
153 651
9 271
156 124
82 138
559 207
593 559
28 303
96 77
131 144
278 612
591 385
407 37
158 52
515 364
298 526
212 530
5 205
66 71
186 60
171 654
484 531
141 172
227 553
149 24
17 505
123 656
594 646
376 638
344 171
190 85
211 594
92 271
26 25
289 450
179 159
557 489
52 377
65 443
520 163
91 362
348 27
137 565
444 556
109 145
505 197
452 440
610 368
623 578
239 239
395 306
301 44
18 609
151 3
514 643
520 474
576 547
29 389
510 627
488 551
314 289
227 64
57 335
616 50
387 589
104 360
573 242
309 379
48 482
591 285
210 635
515 407
352 507
313 611
248 493
244 168
204 77
80 73
347 404
313 332
447 339
19 14
421 273
612 531
542 477
274 147
74 590
396 640
278 17
622 329
154 62
620 460
499 535
488 388
579 217
184 589
29 490
322 650
37 439
86 202
238 182
13 235
520 17
311 395
487 328
68 470
449 396
309 659
470 630
108 275
237 630
559 503
423 633
597 663
157 23
183 423
478 425
579 212
402 487
566 154
20 312
395 622
491 116
505 107
228 551
3 425
467 500
229 564
612 46
230 213
234 496
439 131
213 185
261 454
475 518
516 166
39 524
392 494
152 628
229 253
530 139
187 482
377 313
552 641
412 570
13 271
186 452
281 662
267 229
558 123
283 334
446 477
159 147
40 482
516 514
157 161
368 496
350 473
375 500
263 488
220 231
73 529
361 383
546 122
7 558
111 92
573 265
16 112
317 270
110 212
506 279
347 20
227 535
532 536
486 661
107 616
571 250
344 39
536 104
473 589
193 215
482 108
122 74
489 38
18 532
443 472
321 504
279 26
513 253
90 622
583 242
198 587
399 67
201 618
64 374
61 6
354 492
390 130
148 245
20 557
185 159
312 553
518 182
346 160
608 351
83 101
371 144
514 321
348 640
598 475
469 471
353 71
198 58
47 2
25 408
12 164
257 567
145 567
115 522
535 364
44 317
610 275
57 89
121 443
528 318
21 569
471 189
137 552
233 473
336 459
116 362
234 331
244 322
273 632
381 298
202 64
259 109
108 488
49 548
71 625
178 36
488 211
453 272
135 158
184 357
58 481
498 432
104 5
32 265
453 587
459 491
442 542
73 138
85 505
443 477
533 28
498 47
457 633
408 294
52 478
63 44
126 388
279 379
362 631
495 32
343 190
603 289
251 193
257 647
153 268
144 655
348 489
441 539
436 7
345 570
470 75
486 562
572 576
64 193
401 636
216 45
240 46
474 299
376 522
542 433
623 585
163 242
483 293
316 511
489 416
228 658
101 642
151 59
576 411
251 294
170 91
476 635
435 289
559 539
316 496
51 521
222 73
370 664
306 65
363 214
119 221
526 374
238 60
152 14
61 352
354 318
265 439
167 639
321 322
142 237
474 417
442 385
248 175
28 333
69 19
551 423
350 205
439 299
393 623
72 345
571 279
14 19
217 534
523 511
61 171
351 30
301 387
101 400
79 251
594 454
517 37
418 3
349 193
91 193
18 87
340 287
139 100
125 347
96 441
427 234
355 117
476 426
54 658
318 632
149 130
308 48
265 595
14 234
381 239
76 334
592 408
572 608
197 77
549 637
355 507
407 498
560 541
41 425
552 397
127 308
107 361
216 646
385 655
579 119
63 102
498 303
281 70
330 525
465 357
560 663
142 151
170 315
553 221
281 260
339 571
60 534
483 313
214 342
162 178
615 225
164 173
165 509
174 46
469 27
244 632
557 331
464 77
381 113
548 586
62 219
51 372
438 312
398 371
189 665
129 184
189 550
591 64
231 550
352 381
531 189
291 425
445 633
248 540
588 94
129 507
587 38
160 16
183 544
129 587
297 371
101 189
160 140
70 637
280 602
36 220
350 264
125 453
26 376
314 573
64 576
227 35
413 78
66 424
368 120
477 173
409 72
180 261
345 340
490 178
585 72
189 523
353 539
246 19
621 504
204 656
146 137
562 309
154 655
501 470
393 62
7 36
465 381
120 638
535 89
375 321
450 272
393 360
124 465
590 586
61 508
290 386
210 416
191 618
137 568
165 359
6 483
151 353
174 377
574 321
322 236
192 354
144 175
329 512
90 496
186 543
244 54
588 532
99 258
90 168
588 342
398 551
375 378
282 246
24 367
323 183
577 71
400 521
135 67
132 655
307 345
56 146
180 55
499 239
453 568
383 618
560 356
433 519
68 629
115 448
121 172
227 437
580 102
447 306
474 198
435 240
327 276
42 571
269 533
271 660
263 226
144 317
474 379
520 450
100 221
539 187
491 404
107 402
242 320
448 328
14 549
318 5
494 533
605 636
37 110
428 280
468 537
603 658
442 272
405 306
230 25
293 86
368 600
556 351
533 248
452 8
546 350
520 137
528 351
321 73
381 175
605 80
547 232
260 461
131 263
455 149
513 280
157 482
170 532
18 152
409 179
321 619
394 441
531 288
41 456
480 45
132 651
611 200
142 662
124 600
303 166
173 312
103 97
190 478
133 160
242 629
263 167
404 247
524 64
527 146
199 397
609 19
153 422
363 530
258 653
264 455
75 302
92 214
180 278
66 472
175 420
560 134
580 550
611 35
567 226
274 612
128 472
162 511
311 199
254 45
11 2
30 272
90 526
395 379
90 84
553 353
5 255
388 4
611 575
329 376
202 297
428 178
624 61
551 14
324 6
516 563
561 630
209 78
483 604
70 249
592 259
123 634
247 182
215 186
11 390
189 504
282 80
475 106
322 523
91 319
371 568
331 88
218 576
358 341
168 7
539 231
229 201
24 542
476 361
499 435
495 486
133 397
42 480
198 543
279 259
409 416
474 71
418 603
505 367
249 504
3 352
72 171
314 45
470 633
530 463
562 469
413 417
593 199
444 186
150 39
549 21
226 41
452 567
402 88
597 455
411 543
42 114
615 495
275 442
605 326
539 602
112 227
344 1
136 581
98 607
125 617
181 429
72 209
108 664
580 262
557 59
373 14
593 504
277 432
35 60
353 26
403 94
249 454
122 145
350 106
273 505
125 393
307 216
565 540
411 466
41 603
176 325
509 581
564 25
542 449
2 435
161 463
174 539
259 281
190 61
540 445
440 95
135 180
519 27
85 625
120 94
449 379
608 448
392 231
271 428
23 659
252 554
282 524
545 26
22 24
471 89
200 219
80 511
369 132
70 185
498 257
383 474
183 335
36 124
475 454
308 528
228 417
260 3
578 265
25 114
433 432
68 448
252 498
518 353
44 427
583 186
72 134
124 466
601 207
312 478
2 470
526 469
564 183
236 339
374 35
379 539
451 639
547 3
227 566
84 382
349 318
361 259
330 287
22 616
602 387
511 53
614 479
108 247
131 167
24 117
166 227
430 573
350 171
166 349
187 611
155 437
166 522
577 421
77 262
433 469
85 543
502 655
392 575
94 319
177 109
11 384
138 316
592 236
221 640
232 274
287 155
114 520
360 331
476 329
5 62
25 18
345 584
437 237
539 589
421 366
247 118
536 282
425 20
241 482
417 175
487 663
515 192
527 323
409 334
218 259
562 344
522 333
322 659
153 217
259 202
352 69
171 339
64 346
396 634
389 337
578 605
420 450
622 543
244 497
536 254
276 46
385 555
359 384
489 477
190 157
616 85
343 446
111 636
105 278
130 10
213 244
365 51
28 440
552 167
375 431
153 437
577 575
87 269
560 478
254 534
382 603
21 518
381 504
313 189
473 300
184 558
182 344
170 537
166 5
49 31
81 329
293 425
218 413
545 368
46 225
448 569
121 91
1 224
415 148
372 61
448 540
209 269
351 333
235 315
548 147
315 461
51 140
499 256
624 323
269 429
480 338
190 467
384 596
163 662
623 209
454 261
371 156
278 86
230 630
284 422
451 234
194 376
190 509
436 499
105 284
403 458
544 631
359 439
255 354
440 398
577 190
557 48
397 108
236 143
376 416
567 323
535 167
41 122
54 555
372 170
200 36
77 454
164 576
14 232
138 4
324 509
299 24
431 551
536 23
237 15
349 560
253 278
116 480
421 445
79 207
425 591
361 482
609 462
515 521
488 453
433 316
319 157
122 254
168 417
406 606
618 204
451 101
561 541
411 419
22 105
399 414
4 264
570 595
283 478
562 446
194 80
253 614
301 520
604 297
57 661
377 244
67 202
128 280
496 203
464 219
23 329
61 343
302 610
13 590
423 301
75 364
33 336
391 383
234 186
382 512
229 101
186 157
370 4
249 9
68 650
108 444
587 82
448 240
548 360
264 413
510 402
178 61
541 530
27 444
414 369
330 659
264 598
380 402
9 446
526 542
178 387
296 65
455 202
429 528
304 299
52 551
612 301
582 41
370 65
167 119
385 470
294 84
136 400
598 127
392 196
72 213
344 593
424 444
3 662
132 409
241 522
178 161
82 77
465 8
177 94
504 475
340 104
20 375
172 378
569 633
607 501
411 339
499 509
485 642
329 310
490 53
490 54
201 326
23 217
509 559
590 459
353 370
113 291
342 103
542 385
278 543
208 303
530 157
416 163
505 233
324 567
73 661
615 456
203 501
597 283
298 131
90 653
11 382
424 11
241 27
1 644
521 383
46 375
87 459
411 148
484 329
424 352
49 473
256 156
463 493
550 163
590 522
168 210
146 37
287 450
513 377
475 152
310 382
1 14
425 217
490 94
477 177
51 4
224 204
107 122
5 589
450 530
166 629
252 550
487 260
495 443
87 66
231 269
176 532
42 510
231 364
470 621
163 239
59 390
269 161
165 165
524 161
276 131
264 163
511 90
371 448
508 375
603 518
34 267
479 551
189 579
532 662
167 322
508 290
50 248
136 79
69 148
253 387
388 572
342 615
381 78
581 323
281 377
620 441
357 228
593 172
84 414
136 283
266 168
371 390
23 409
429 573
253 314
248 516
417 279
229 137
52 26
580 341
155 616
236 92
4 39
298 57
26 48
293 485
291 336
76 322
63 583
496 390
90 303
129 301
601 282
119 384
49 1
333 302
47 258
308 182
171 196
115 418
615 592
188 360
280 422
197 231
17 581
356 424
265 638
162 375
229 92
73 642
198 200
374 414
345 161
254 358
122 352
470 221
517 492
255 113
526 269
245 17
97 316
522 308
243 258
609 7
127 383
239 427
92 50
162 337
271 340
478 444
493 183
404 152
21 559
590 399
545 408
455 640
148 440
419 335
136 56
545 578
193 341
581 272
348 636
498 599
586 592
583 37
101 645
155 563
267 583
283 518
61 600
170 427
537 191
556 646
65 598
520 320
89 334
594 187
478 223
422 537
368 424
319 387
399 179
553 466
52 199
98 609
342 82
493 29
521 296
219 418
585 252
7 180
20 532
158 641
215 592
494 558
554 358
12 407
192 426
53 527
296 433
45 33
591 655
69 498
116 304
250 437
56 395
14 527
196 228
587 17
549 286
36 55
598 629
594 166
152 532
540 345
472 160
170 1
413 334
543 314
559 467
211 374
260 308
444 625
111 14
362 218
8 445
557 577
372 223
377 280
383 606
69 345
209 314
329 608
206 164
436 528
6 52
340 214
26 207
369 46
102 597
280 646
230 301
551 534
233 642
239 573
544 43
9 127
131 445
360 480
74 99
285 610
195 468
317 629
368 4
36 309
140 2
198 412
122 428
151 412
237 208
18 431
437 301
389 347
79 68
555 486
155 470
372 292
160 398
172 535
36 561
495 93
118 306
534 279
286 155
189 119
491 569
123 356
343 470
410 276
559 108
41 63
100 454
194 81
335 225
537 585
85 138
367 197
468 69
458 526
433 266
6 530
297 634
131 442
12 5
232 407
14 361
364 612
446 382
222 55
234 124
358 243
139 226
26 241
232 545
25 270
316 487
51 196
151 70
294 593
207 637
395 205
578 637
287 439
198 459
486 79
277 68
594 262
539 15
103 48
440 622
177 591
123 563
541 440
60 167
552 452
266 204
118 652
388 412
369 175
344 377
59 328
61 56
535 521
42 30
164 621
175 564
429 604
4 192
164 132
563 270
514 10
226 153
325 151
419 456
508 487
482 234
546 567
228 428
563 3
176 376
73 560
81 494
325 310
218 322
504 561
177 420
352 607
143 34
249 428
56 47
518 457
247 271
129 581
184 658
50 631
487 37
113 112
320 395
221 101
266 595
596 219
43 376
350 271
204 332
268 403
24 151
369 290
410 242
314 86
271 200
449 528
406 155
433 322
61 194
276 400
131 625
596 285
99 549
466 3
126 339
425 441
140 317
371 185
595 556
53 553
134 65
314 207
216 233
251 415
333 181
163 21
580 297
332 665
100 383
543 601
616 622
587 634
193 385
622 596
551 661
343 85
239 398
264 291
336 303
224 311
363 590
573 483
395 544
418 641
470 236
287 15
205 91
500 122
558 215
454 409
324 304
205 402
467 604
604 15
400 454
243 131
301 88
173 469
512 590
121 132
54 445
503 8
151 68
480 501
140 363
554 51
439 451
546 639
209 35
293 226
37 17
2 325
573 627
234 479
561 353
600 273
562 107
478 339
7 207
337 41
395 461
513 333
291 444
356 635
349 334
405 628
139 619
199 425
417 410
600 35
304 315
327 445
199 20
549 534
450 439
13 519
322 423
519 521
608 389
75 508
381 232
273 244
349 292
230 55
213 492
607 353
199 651
78 48
62 82
417 382
163 601
54 149
74 324
582 662
108 300
167 116
25 278
69 153
171 56
376 148
258 322
281 439
259 15
449 558
193 227
318 495
102 546
1 487
15 349
254 318
230 108
596 576
598 231
338 560
177 219
387 295
122 476
288 427
431 342
5 477
201 221
83 477
374 212
573 595
443 2
250 169
178 561
314 276
393 339
341 560
247 98
303 20
265 570
23 309
386 362
172 188
129 255
487 231
320 203
341 592
113 545
35 219
18 260
32 67
544 335
161 301
38 66
172 459
264 113
247 380
401 98
461 428
225 352
603 383
234 323
337 561
486 247
139 406
496 571
369 506
614 314
568 608
148 516
602 265
270 490
363 549
345 53
310 72
506 286
463 183
439 256
199 231
106 261
481 327
224 120
158 521
351 133
240 267
333 153
180 562
163 207
152 85
463 538
330 630
495 57
324 656
8 373
503 637
343 132
4 279
36 51
577 323
496 127
233 214
255 534
521 372
201 282
56 194
497 332
172 636
342 184
299 65
65 505
17 34
89 144
256 665
48 401
455 339
400 260
23 128
381 632
346 645
503 502
599 428
3 196
142 397
22 659
192 535
437 543
511 623
362 11
584 169
90 365
238 179
416 533
579 541
561 481
163 629
341 10
6 85
278 425
458 397
32 337
483 470
10 492
86 417
338 597
414 61
268 533
609 226
573 521
238 418
461 643
501 313
71 529
332 326
601 174
612 625
180 190
282 371
445 572
188 608
506 152
177 550
257 129
475 204
213 154
559 222
431 254
475 421
324 281
433 232
327 45
290 20
431 615
398 630
154 543
351 311
556 374
11 586
483 601
278 547
307 221
600 179
350 460
374 164
213 475
404 21
389 649
234 311
534 68
500 373
314 538
278 610
590 479
394 643
427 225
422 333
215 361
65 582
123 238
445 143
445 303
176 126
426 290
338 155
610 147
611 175
565 221
532 435
52 9
519 429
506 428
455 114
494 405
200 417
2 474
343 26
255 64
445 285
327 109
220 579
593 623
422 74
550 577
594 274
544 423
428 162
324 575
324 230
450 344
481 507
576 163
369 77
215 343
70 543
524 540
602 67
182 414
244 249
318 285
369 469
165 514
461 281
41 282
553 209
464 594
350 151
595 72
502 627
120 232
586 650
175 194
275 265
541 489
41 186
25 579
437 547
542 111
80 282
125 289
578 511
244 129
215 485
301 250
597 606
527 198
324 78
193 484
243 256
361 55
533 657
522 467
508 305
504 637
236 598
13 223
158 427
401 652
557 342
116 141
442 458
466 392
323 625
257 188
326 102
113 129
600 639
272 204
151 362
266 570
433 656
201 497
453 356
164 49
601 120
100 473
472 605
463 288
239 649
562 458
43 382
79 223
488 546
470 299
290 434
257 372
538 544
253 449
49 36
427 233
537 72
236 73
46 90
204 632
389 650
379 98
443 263
453 563
468 4
403 506
213 70
446 299
82 630
188 594
97 552
309 23
106 608
399 338
74 185
62 590
448 308
96 321
168 555
376 656
329 571
394 175
555 194
312 160
281 191
55 53
59 374
604 394
433 22
109 582
191 507
596 232
450 517
500 368
417 535
144 610
135 341
268 378
284 469
90 184
152 44
482 526
5 405
231 327
585 135
158 225
132 208
459 341
622 27
241 113
45 444
137 549
423 198
83 214
183 505
594 391
94 91
485 266
519 642
31 603
49 663
126 449
379 410
591 103
502 436
527 583
104 68
16 162
496 62
20 438
293 157
19 556
511 503
19 251
196 500
345 140
522 536
155 219
20 351
109 376
163 332
68 482
363 571
581 49
433 67
358 460
564 330
504 404
254 454
34 320
200 59
458 574
218 342
439 37
538 170
448 645
70 383
382 6
490 55
495 526
386 438
481 431
540 330
1 638
223 302
456 223
540 540
373 156
475 446
197 164
66 29
197 309
148 616
397 395
317 122
387 167
435 503
425 195
434 102
617 657
62 286
237 286
131 237
200 579
42 509
40 167
549 77
430 253
513 312
618 390
255 155
179 632
391 322
174 651
230 248
435 12
480 311
412 101
618 342
407 389
171 471
166 264
308 425
277 536
505 128
512 605
334 554
18 403
448 327
331 285
573 581
4 174
209 177
363 83
86 409
527 363
546 212
270 376
27 11
230 471
441 608
442 192
92 650
620 438
586 229
465 205
552 333
250 199
118 451
248 638
563 371
438 597
464 158
273 180
338 340
399 552
576 587
459 492
465 596
241 498
286 46
436 252
384 517
607 404
180 343
478 419
206 106
621 65
251 6
274 477
248 84
129 393
176 54
100 248
588 618
395 634
449 340
462 386
540 337
515 515
346 395
491 127
34 246
610 112
299 388
326 256
240 475
500 599
288 235
306 469
95 169
389 322
314 5
262 47
132 558
393 573
90 72
383 310
300 373
18 8
290 291
503 441
85 602
332 592
323 619
5 406
535 649
222 464
182 156
538 360
76 391
422 246
601 538
306 656
545 289
60 601
448 188
285 104
386 483
266 560
558 92
340 606
355 371
593 523
197 482
239 255
76 649
432 30
32 100
486 78
513 651
456 425
333 90
301 452
204 237
289 136
438 525
573 268
558 442
152 112
224 376
553 284
302 462
596 347
556 31
265 317
118 333
582 14
364 225
324 471
49 590
199 174
385 512
182 363
320 178
77 437
400 58
398 28
56 626
481 135
464 187
579 184
220 377
349 418
65 508
89 74
504 450
352 460
454 168
608 629
338 444
465 483
283 649
549 128
398 403
112 175
331 193
327 1
574 183
257 272
452 387
72 442
582 48
268 241
178 128
434 465
313 196
66 284
395 251
392 46
100 80
224 574
111 436
95 575
570 397
117 126
56 143
160 212
27 173
541 525
108 527
294 330
343 406
374 631
103 229
177 518
160 656
290 259
277 119
445 645
287 143
374 92
565 281
273 652
64 401
299 540
350 86
321 188
8 7
250 587
558 663
152 390
503 325
400 299
280 255
110 448
107 24
52 253
543 47
341 298
41 579
179 520
117 343
543 158
572 453
259 88
342 293
432 147
256 25
549 291
347 575
276 210
41 68
62 637
550 139
442 493
500 350
526 148
408 262
482 652
124 506
503 499
398 541
275 585
166 26
247 177
335 189
610 491
130 142
556 252
104 258
349 373
473 146
207 406
135 569
211 358
333 87
143 319
563 331
476 226
446 523
394 311
152 88
224 36
474 485
24 179
77 580
35 265
61 60
476 644
35 338
448 52
169 650
248 239
267 532
289 15
350 624
465 423
435 271
503 142
612 89
79 663
229 314
60 447
77 122
115 393
150 351
222 372
302 387
60 73
253 430
504 567
300 393
560 185
72 504
89 227
406 307
103 278
219 503
611 228
14 473
328 240
341 475
22 663
153 174
478 179
405 409
154 63
321 268
410 524
95 55
60 441
540 233
10 112
402 173
75 573
300 375
235 500
383 232
602 640
120 444
230 418
478 374
385 603
274 624
520 395
193 283
47 470
139 201
529 549
432 486
217 96
200 647
382 480
524 373
381 280
417 441
32 59
185 416
25 12
15 434
398 535
615 533
616 116
146 540
416 155
450 186
182 76
311 413
308 174
213 38
138 84
468 255
306 275
439 538
524 167
317 436
170 499
69 389
339 3
93 182
509 75
518 85
137 458
86 326
273 234
121 302
11 554
293 130
273 381
400 306
235 613
393 586
206 629
40 664
42 329
599 215
272 543
508 55
50 264
64 617
225 489
312 102
123 555
206 613
63 243
367 315
586 552
141 30
150 603
473 239
435 327
523 591
76 167
469 428
45 235
356 247
328 438
612 572
253 28
516 627
337 520
385 82
283 400
594 250
115 157
457 63
596 437
375 130
150 465
174 201
199 620
240 299
75 7
310 140
121 301
411 62
510 557
207 541
76 302
152 511
453 53
351 514
46 367
400 63
182 142
85 516
46 228
200 303
13 619
168 334
328 473
599 142
392 398
572 62
43 116
13 99
482 401
603 588
296 23
273 364
298 347
497 158
575 265
438 409
450 380
289 231
275 68
548 521
558 513
383 587
231 583
274 593
327 266
564 167
523 556
486 322
255 297
20 262
136 370
351 19
577 52
61 499
511 321
300 405
544 406
85 448
444 450
588 122
362 632
29 324
30 567
522 2
160 433
463 284
45 188
480 429
529 435
32 336
180 356
557 257
514 204
432 383
299 206
290 394
110 293
111 368
578 213
121 398
39 57
34 75
495 185
331 47
393 601
608 321
504 652
476 375
326 78
385 181
541 573
253 351
124 247
39 4
451 311
595 530
337 581
309 158
513 321
48 642
320 87
287 471
263 386
622 537
571 3
261 204
457 367
389 263
243 293
307 255
624 167
567 430
532 384
198 646
412 434
88 387
34 498
118 614
606 255
547 446
429 456
534 86
575 419
234 449
327 439
44 289
196 42
32 284
29 304
265 543
74 33
337 126
451 338
304 638
164 113
78 18
307 188
29 250
574 332
229 86
542 69
191 529
398 151
555 283
573 648
489 432
292 390
334 486
242 7
541 91
295 67
36 312
596 436
152 101
181 618
494 474
500 23
340 177
434 183
579 610
485 112
390 394
577 470
17 615
319 574
490 561
447 57
4 24
182 337
12 351
189 42
198 122
530 649
515 611
486 204
588 176
485 208
454 327
533 475
607 433
362 186
506 392
138 341
7 581
427 435
505 417
218 199
554 191
522 224
501 640
404 351
590 442
3 217
452 270
368 287
97 567
22 566
237 210
173 506
458 116
460 543
78 389
312 16
47 648
41 413
352 291
19 321
564 342
619 414
224 511
466 532
465 478
566 657
554 587
430 591
15 563
3 377
479 334
40 636
444 190
563 322
335 486
586 428
188 474
208 351
353 507
370 445
26 323
456 411
221 329
461 495
540 184
306 227
560 665
461 270
394 141
606 612
41 454
532 469
440 123
146 39
150 305
301 201
396 277
248 35
492 437
123 81
231 253
475 188
481 532
451 575
374 148
309 649
524 263
222 538
150 228
117 454
349 453
355 62
207 248
347 538
119 370
591 61
24 125
134 387
133 519
97 136
466 236
12 305
227 100
549 71
490 218
600 276
192 628
2 134
560 165
461 547
301 17
588 293
121 510
305 1
133 129
283 396
77 498
257 252
199 201
586 555
72 188
503 222
111 121
496 420
164 133
84 368
503 340
145 238
16 610
21 465
324 317
15 415
93 627
263 228
181 100
619 416
206 218
62 234
83 113
95 578
145 54
199 40
494 204
340 523
201 485
235 236
601 149
480 479
390 360
62 330
468 248
608 38
429 97
363 537
614 504
503 590
128 245
611 567
477 237
595 275
10 541
66 398
566 505
220 600
284 570
419 612
511 75
189 533
409 283
600 470
109 470
60 328
25 116
404 382
143 331
100 56
390 139
416 567
230 158
341 500
144 359
300 276
494 235
285 458
299 526
174 31
332 31
304 621
250 39
125 391
526 428
1 640
326 152
16 588
619 398
138 80
436 390
317 450
143 20
493 295
268 239
132 455
562 256
80 114
470 315
318 439
346 88
614 577
211 615
79 127
215 454
419 103
348 512
49 529
124 287
95 189
157 111
391 300
285 203
397 211
218 535
39 559
10 167
273 267
110 635
426 138
493 290
611 462
134 652
165 496
63 30
117 146
405 640
66 31
319 568
138 530
413 240
218 548
457 463
609 613
127 215
413 56
473 51
245 458
372 595
140 564
597 598
610 362
576 588
258 545
110 195
171 506
323 83
3 658
252 469
298 326
486 320
61 439
572 10
75 224
58 3
38 149
265 153
106 150
434 315
247 553
220 346
403 333
401 415
559 478
114 339
161 276
419 557
607 428
1 226
163 19
148 583
63 83
181 157
244 169
82 126
89 295
42 105
332 176
77 653
258 82
78 453
492 534
199 123
288 126
116 127
86 181
221 77
77 292
526 554
576 227
286 269
396 568
370 278
621 363
151 404
561 491
601 1
456 620
531 343
269 542
522 372
114 547
114 612
192 329
50 287
321 38
115 573
264 618
555 360
553 437
66 166
103 186
7 486
325 28
307 505
121 196
102 115
462 141
509 3
497 471
221 546
361 316
217 424
186 194
343 601
