200 189 99
5260
166 22
92 146
171 134
11 51
2 86
42 92
141 146
61 177
111 131
119 192
134 129
143 165
128 23
31 161
6 24
179 80
126 91
152 140
3 137
156 25
133 155
98 145
127 172
55 192
91 22
176 109
150 100
169 19
78 57
8 24
126 53
155 160
61 31
137 52
139 125
57 197
31 62
127 9
63 9
184 53
171 4
121 93
142 143
80 87
155 65
167 35
56 178
171 66
159 144
105 120
53 53
43 5
156 142
180 1
159 57
88 111
102 42
104 63
19 103
137 189
133 165
88 4
130 87
107 158
23 18
5 156
123 80
140 58
109 123
172 66
150 45
17 59
152 117
142 69
120 9
21 61
3 33
16 95
106 145
8 127
177 48
88 170
45 29
15 36
170 174
24 96
79 58
90 153
22 189
65 55
26 74
7 105
157 117
97 113
30 136
162 54
139 76
187 72
75 80
49 134
175 158
103 28
140 6
51 144
178 60
141 167
172 64
157 92
115 7
24 103
24 12
147 24
32 28
124 16
70 146
61 73
160 117
66 127
41 100
148 160
160 160
45 76
188 83
157 62
103 49
142 28
15 108
123 13
110 50
148 7
57 164
44 22
71 200
184 172
78 108
121 172
106 4
70 143
147 39
150 123
94 142
26 85
148 26
152 13
160 48
123 150
16 30
163 139
169 66
135 38
182 197
173 135
32 114
19 4
66 191
159 156
83 169
15 29
180 4
183 113
39 172
103 122
58 65
88 104
145 90
150 31
96 186
101 41
147 121
39 148
67 102
135 164
66 187
177 87
166 57
30 196
73 41
86 102
80 74
186 112
150 180
76 115
45 153
165 18
145 23
164 33
160 138
105 135
20 157
148 66
50 155
136 175
84 28
170 150
95 76
25 88
170 198
187 167
52 33
69 124
174 63
81 53
128 65
67 128
65 78
23 87
164 77
34 3
38 90
135 15
178 120
117 81
162 100
10 131
34 37
100 40
169 45
18 175
171 65
53 100
114 143
81 189
48 145
106 159
116 150
158 42
13 73
175 14
140 62
26 36
170 158
33 188
31 158
110 142
131 56
23 9
88 19
125 35
85 101
187 17
45 111
23 161
110 99
52 137
129 172
138 91
142 187
134 55
71 70
113 19
92 171
99 200
75 61
116 51
12 74
53 127
81 50
141 22
161 41
174 99
88 161
108 132
154 12
118 163
137 14
78 151
67 127
29 12
68 32
90 38
95 23
101 178
4 13
92 174
145 87
87 106
122 173
72 173
185 11
17 30
99 21
126 194
172 180
129 182
25 17
178 130
121 54
67 20
11 63
28 81
164 159
134 6
73 146
84 189
91 76
9 151
37 168
123 109
44 52
52 134
6 31
187 152
99 28
133 173
87 115
160 32
6 84
114 81
58 27
172 96
152 172
182 101
104 43
39 167
16 100
170 169
189 112
111 74
156 156
45 92
48 18
71 55
127 118
20 98
62 200
31 174
48 73
52 167
132 159
17 196
180 110
61 81
101 160
148 153
148 80
34 138
52 5
136 39
136 155
142 167
104 79
131 23
79 52
10 93
140 200
143 77
52 119
114 9
146 181
115 173
15 160
44 174
176 107
149 40
183 74
71 44
25 52
180 163
162 163
139 99
176 157
182 92
77 24
68 132
105 86
58 168
5 64
81 89
132 148
173 195
61 134
88 176
72 113
156 59
37 147
3 16
40 142
84 65
139 163
23 15
152 188
133 172
165 64
86 89
79 34
129 163
117 195
113 196
58 76
9 149
96 164
16 83
3 82
109 134
167 76
54 107
82 179
74 73
168 8
67 124
12 25
10 197
84 19
176 98
77 148
118 146
183 88
101 1
155 75
20 120
19 39
151 101
64 75
118 80
170 8
10 101
124 116
160 187
80 76
139 104
18 54
186 154
147 17
115 73
182 90
60 104
161 155
74 78
19 124
28 199
142 30
69 36
143 40
53 25
131 151
3 131
168 131
85 114
102 66
128 151
133 113
139 126
13 64
55 127
116 58
127 17
141 190
48 7
4 136
181 96
149 182
133 65
159 146
60 188
29 131
182 37
69 68
32 97
156 77
154 31
180 46
169 137
85 62
76 78
91 137
157 84
168 199
44 134
180 77
66 82
119 153
155 31
169 90
185 41
119 115
183 158
167 156
30 188
62 83
102 74
3 78
44 128
3 64
147 132
22 38
70 162
118 154
57 48
71 160
61 165
169 81
47 69
173 51
113 166
117 59
109 187
127 10
188 70
165 159
167 88
151 48
30 200
75 173
177 76
28 12
158 195
153 192
141 9
161 55
69 153
69 66
92 21
8 155
135 191
87 180
20 187
42 3
65 129
170 128
138 175
189 123
69 157
47 144
1 53
94 33
44 170
56 145
141 116
105 92
180 157
17 181
111 14
158 147
28 163
179 121
69 82
154 189
33 186
129 85
51 123
136 174
70 116
63 25
133 22
59 172
41 24
64 125
82 20
132 14
148 151
70 12
5 131
157 146
74 55
84 37
152 165
158 143
93 124
154 115
79 79
123 24
169 95
83 192
62 32
174 174
48 162
133 115
112 109
29 133
39 110
109 82
6 199
143 176
135 127
168 118
148 86
168 151
15 181
18 103
179 178
64 67
130 4
130 152
88 182
36 188
121 152
116 173
114 131
134 164
15 14
157 193
91 135
140 154
77 17
31 29
164 100
182 26
189 131
61 26
25 186
120 131
49 77
111 140
99 9
158 186
55 164
134 92
29 144
117 110
182 41
22 69
177 119
134 155
114 65
151 10
162 120
24 154
31 46
4 122
134 172
13 98
72 42
170 19
94 63
158 198
123 188
71 165
55 31
97 158
24 35
72 125
54 89
89 149
116 168
180 111
17 25
70 57
8 132
41 174
135 40
15 38
35 94
182 175
15 132
92 40
70 44
56 20
144 47
140 113
62 154
68 52
173 87
34 73
75 160
29 37
28 149
39 153
127 30
56 107
38 190
9 157
101 25
3 95
3 91
2 115
131 123
117 19
46 161
21 23
167 123
170 10
73 127
127 37
53 89
81 71
98 11
171 86
82 114
117 18
155 27
61 170
118 111
172 169
180 133
126 3
122 131
42 160
2 50
73 22
106 169
88 165
144 180
61 55
70 104
109 111
96 146
130 101
171 175
69 90
86 157
178 12
144 146
16 145
93 151
76 121
12 33
105 189
13 140
184 123
110 96
120 157
163 196
18 155
49 154
16 184
39 96
133 87
23 41
75 67
62 62
80 164
80 37
81 93
181 83
83 78
137 190
184 150
46 177
38 176
36 45
79 48
112 13
111 53
120 147
23 196
103 82
140 174
51 34
117 125
87 92
177 11
90 142
156 127
83 98
38 196
149 180
153 151
114 20
58 103
83 11
174 122
134 99
85 80
6 45
142 7
92 169
49 56
171 101
64 55
24 176
159 56
57 159
26 60
9 118
89 74
170 182
10 148
41 102
183 22
71 95
145 173
142 178
31 26
82 171
9 30
15 153
56 122
155 168
74 115
36 111
158 141
116 40
74 83
155 192
16 8
129 188
43 187
62 59
97 100
179 177
79 191
146 42
161 84
125 48
59 70
55 72
9 165
18 35
188 184
83 92
163 7
17 149
130 73
83 42
83 108
159 58
5 106
147 181
8 51
53 149
97 128
67 122
62 161
140 151
162 51
6 93
105 28
53 48
5 57
82 87
156 144
129 176
30 165
117 25
183 175
136 197
32 174
135 28
122 192
183 187
31 200
63 130
163 2
130 151
142 183
156 154
35 52
131 190
93 164
169 162
29 16
53 18
51 11
90 33
21 76
62 110
100 74
56 35
92 36
9 65
44 167
184 16
115 141
167 117
51 41
163 129
177 188
115 9
12 112
17 126
46 66
91 65
63 183
188 23
84 42
135 20
65 103
181 158
126 48
127 89
40 199
34 40
182 115
174 19
11 9
72 200
149 24
157 164
109 189
173 119
105 157
128 110
156 32
118 63
131 119
117 92
36 76
56 170
157 199
35 134
16 32
98 162
40 133
147 100
102 122
43 9
32 103
3 39
26 138
70 144
22 164
165 97
79 148
32 123
67 149
114 103
177 16
113 136
39 183
131 111
95 49
56 86
86 6
105 10
87 185
152 62
151 26
98 164
97 11
166 59
112 168
92 64
69 181
85 133
88 189
59 80
140 74
187 119
86 160
150 85
80 131
103 6
115 23
8 134
154 69
38 117
16 65
46 198
71 26
139 108
139 117
103 14
116 136
66 83
42 95
119 80
149 92
71 94
147 154
15 85
127 75
5 104
148 173
19 49
155 11
83 95
101 80
95 8
189 144
187 185
88 12
182 43
58 166
7 174
76 127
103 56
179 104
50 103
155 142
8 64
49 149
163 131
171 24
106 132
78 21
120 104
81 37
75 132
171 122
18 109
64 168
92 28
119 98
24 160
174 101
38 121
112 87
2 197
88 21
23 43
11 100
139 166
73 126
164 98
189 77
46 71
104 50
168 41
166 114
136 6
135 110
108 50
2 138
145 29
164 136
122 175
24 58
11 5
112 79
27 162
100 113
66 3
65 26
53 88
126 181
53 165
171 128
188 112
100 104
146 85
3 143
87 158
44 21
22 96
57 111
150 195
164 69
68 9
172 155
154 105
140 197
175 44
150 91
42 44
123 10
135 30
97 178
138 155
53 157
83 100
60 12
85 197
25 67
182 74
66 133
99 105
173 81
105 57
165 117
103 137
170 33
138 93
150 128
134 32
181 132
115 67
186 105
174 21
69 183
169 169
89 163
189 9
118 13
3 69
151 88
103 156
98 166
81 100
21 168
108 121
102 99
132 92
150 18
169 97
40 2
145 98
54 194
17 118
20 178
93 162
127 174
179 20
73 175
42 182
108 138
181 144
159 141
172 20
92 62
11 137
24 145
13 133
87 72
52 122
138 101
67 81
34 52
3 103
39 94
147 146
15 64
64 126
161 115
68 87
58 137
96 29
77 127
141 180
96 131
45 135
106 82
107 34
26 35
80 124
164 96
140 61
110 199
112 42
82 117
10 194
41 198
150 86
128 16
68 72
38 60
42 34
122 57
145 27
48 122
177 57
189 85
113 40
77 84
186 86
40 165
30 150
114 46
86 110
153 18
59 66
42 20
100 105
74 103
1 155
13 126
86 84
78 90
151 69
34 2
56 64
186 120
142 179
108 74
10 29
79 94
142 146
172 69
129 153
130 186
113 187
96 39
156 147
83 125
25 33
115 1
36 77
118 38
8 129
54 32
22 31
79 37
53 184
74 169
129 91
131 67
89 196
169 84
13 15
23 7
82 48
81 80
106 168
136 60
108 46
18 31
56 105
53 12
167 178
187 18
1 30
96 136
97 18
161 53
95 119
157 44
94 192
82 68
40 14
40 63
154 127
91 167
138 63
1 87
26 172
155 134
49 100
138 18
82 27
71 12
65 98
150 51
19 173
135 117
119 176
54 160
75 150
84 17
85 21
161 149
61 111
21 41
126 146
3 76
137 53
104 87
64 173
122 125
77 75
58 190
173 47
81 67
115 193
146 76
13 172
185 16
134 47
74 64
41 101
162 18
107 27
149 195
85 190
28 38
9 176
47 24
6 121
137 176
184 149
61 29
99 169
181 128
74 196
84 49
85 73
82 12
76 152
122 108
5 55
172 182
189 75
26 162
147 60
128 90
47 82
182 138
30 102
174 79
105 54
77 57
19 54
159 42
39 162
29 84
116 144
140 141
97 67
74 95
182 117
114 64
123 147
37 172
119 78
95 78
145 16
84 197
84 145
20 174
131 147
122 89
57 27
66 19
73 167
52 176
186 21
165 91
71 102
183 200
137 98
167 54
172 148
122 5
101 154
69 112
63 5
145 177
172 80
154 183
143 6
184 108
17 152
63 166
73 137
9 33
134 34
74 105
1 108
134 91
160 134
127 24
78 11
184 10
134 11
184 143
98 62
78 61
44 113
39 41
181 7
126 106
21 10
46 119
117 141
87 41
117 48
176 122
86 4
84 129
180 190
117 53
98 63
3 187
116 44
90 200
56 25
103 114
90 16
101 95
183 32
188 105
60 88
28 99
120 21
149 89
21 111
142 78
22 177
102 70
162 184
89 58
38 163
184 134
40 20
75 79
188 100
49 144
46 176
165 5
121 15
107 175
53 21
166 46
11 71
94 91
140 21
186 146
22 22
98 97
122 37
143 75
12 93
58 45
113 61
116 146
165 25
109 184
134 25
93 112
74 172
65 183
185 191
70 43
30 193
126 78
40 66
158 83
60 81
131 32
14 81
159 75
100 82
41 79
108 43
160 162
84 67
74 130
73 102
95 42
106 38
52 10
140 64
28 39
6 163
130 18
136 50
168 162
20 86
118 189
117 44
188 166
94 167
65 31
130 49
20 81
48 195
72 162
144 132
130 188
62 67
163 30
134 158
144 75
123 125
135 135
127 185
188 188
103 80
118 130
66 69
97 110
178 45
173 60
158 157
177 51
88 159
75 90
143 65
166 49
175 50
108 171
128 3
167 93
90 119
54 156
40 108
23 10
8 190
185 70
181 146
24 77
78 94
40 177
63 56
87 122
65 20
169 14
93 91
160 41
1 120
106 30
45 20
43 152
74 133
64 120
65 197
11 14
33 96
146 20
112 23
166 109
125 172
35 167
153 36
114 79
155 146
119 171
175 27
84 121
139 8
5 160
148 16
137 34
125 200
103 76
3 45
97 74
187 121
124 27
40 127
55 162
120 149
106 191
93 154
31 99
99 142
169 102
16 167
157 4
185 126
118 70
173 79
104 135
135 116
139 132
142 102
27 149
113 46
80 51
141 66
182 139
37 196
121 30
49 128
138 41
51 94
115 98
163 114
169 94
16 149
85 20
37 63
127 162
145 116
56 7
52 148
125 11
147 128
6 174
33 53
121 109
124 188
128 58
136 47
41 196
135 100
141 41
90 151
58 71
101 187
148 161
120 134
40 147
11 177
6 67
166 38
153 167
157 89
81 142
2 128
7 78
152 26
10 149
141 134
4 182
135 18
163 38
186 130
102 79
146 56
109 191
40 123
149 114
188 21
95 117
161 168
28 68
28 178
10 165
9 139
136 26
18 10
89 150
67 116
39 175
43 50
32 35
56 119
52 194
80 132
152 110
119 113
130 19
179 107
4 58
132 78
155 149
44 196
71 104
130 61
134 59
43 12
100 100
53 141
131 162
38 124
17 176
52 57
22 193
83 167
3 122
107 42
95 7
149 8
188 129
34 129
39 119
136 80
133 94
11 70
70 70
44 12
154 185
152 128
32 136
89 164
34 30
145 1
37 138
114 200
41 186
128 45
11 76
22 35
62 33
90 132
147 191
40 137
40 95
57 41
87 65
174 136
146 53
77 52
84 181
172 117
187 154
91 162
114 1
141 78
23 112
124 94
22 7
158 173
27 145
2 141
147 193
172 89
150 28
112 105
176 200
183 165
71 76
33 146
2 60
103 89
179 151
14 38
90 147
27 117
164 184
134 113
16 165
104 1
20 140
152 78
134 118
114 80
73 104
107 25
100 69
165 68
84 47
12 133
151 51
102 18
8 153
45 35
162 59
124 51
95 14
19 176
57 152
174 121
9 19
101 126
156 101
58 58
86 54
10 176
122 27
25 47
155 61
136 57
19 101
134 121
30 40
34 168
102 35
147 37
107 51
18 177
147 94
166 138
143 156
45 180
114 24
44 141
47 20
29 10
50 1
155 47
136 110
58 152
82 57
122 163
73 190
67 2
60 29
68 146
151 198
120 151
27 175
141 181
39 79
42 88
70 77
61 2
27 160
116 55
121 133
78 197
57 144
139 52
52 136
154 124
188 34
124 69
147 180
85 134
1 192
100 199
148 97
121 12
20 141
54 7
24 181
34 100
47 165
51 112
156 86
165 49
94 183
82 35
4 109
25 163
186 87
106 144
179 6
142 12
107 105
130 39
43 93
142 153
120 92
98 45
58 108
25 135
52 87
79 186
140 86
40 22
175 94
55 3
135 189
80 158
23 179
145 134
72 12
68 172
123 66
73 139
120 193
89 114
189 81
109 107
22 120
19 59
11 162
185 80
175 85
21 28
66 84
60 93
104 146
73 17
113 169
148 74
93 114
69 72
139 98
68 6
80 48
70 164
137 193
140 14
44 36
183 39
162 86
145 176
18 101
141 42
39 7
186 30
173 145
145 154
38 86
95 115
97 183
19 20
143 191
184 56
132 21
112 115
84 108
9 85
163 185
16 169
164 190
151 147
66 176
79 169
171 179
63 54
141 124
146 200
125 156
82 76
173 4
159 150
119 91
57 132
119 39
122 28
54 124
188 49
145 165
74 14
91 130
178 140
180 129
157 127
108 56
119 124
82 115
185 81
64 108
77 145
77 118
136 198
173 82
130 95
7 118
184 11
149 38
104 171
109 33
63 57
151 19
108 29
19 180
7 34
129 57
122 147
23 37
138 74
49 186
166 39
62 54
124 42
170 64
115 93
104 134
148 39
54 11
58 124
74 25
159 194
183 76
170 145
17 133
108 86
79 129
132 73
144 17
59 82
47 141
19 46
23 49
72 133
140 158
41 8
31 51
14 34
85 163
28 23
115 44
115 13
46 117
16 164
138 173
54 180
47 187
50 30
166 24
82 58
71 52
94 119
81 151
14 64
3 117
153 32
41 17
126 107
162 101
176 106
106 110
92 57
51 165
174 116
77 26
81 135
80 13
57 77
13 9
127 141
76 2
9 172
140 90
34 149
119 108
164 41
179 100
58 119
116 16
141 65
95 174
181 176
34 184
75 20
68 196
171 29
9 184
47 146
98 181
153 35
15 91
153 113
88 102
138 186
186 24
70 76
70 150
14 143
126 132
25 117
110 31
90 104
114 32
115 80
177 190
143 121
21 16
76 133
103 75
37 15
59 152
46 87
124 50
70 58
58 148
134 84
114 12
143 184
106 10
53 180
139 184
90 173
115 148
8 192
49 23
100 3
50 22
94 136
144 149
25 114
143 128
7 188
13 130
174 181
87 144
62 78
59 6
111 45
113 66
153 173
136 18
122 176
8 180
9 133
123 70
35 82
18 182
182 89
19 91
180 76
136 169
99 179
43 141
83 172
120 90
35 48
96 158
153 176
172 68
26 166
111 184
140 193
24 26
70 48
8 33
92 92
159 24
127 187
163 125
157 113
188 174
166 61
182 23
47 5
141 114
23 16
31 74
136 35
121 192
125 15
83 69
20 149
15 147
160 165
169 35
97 29
40 102
15 26
60 46
105 45
106 73
147 36
106 9
54 155
92 119
22 124
137 116
124 55
38 27
160 56
161 14
127 121
74 32
180 61
129 82
181 47
183 147
80 9
18 90
150 135
149 52
131 61
1 196
67 46
183 184
25 196
85 111
28 106
166 185
72 106
101 185
72 77
125 115
144 170
36 149
133 145
156 90
149 67
151 8
76 40
157 10
184 152
57 161
60 100
66 76
124 149
9 168
107 187
42 52
189 78
75 141
110 140
116 109
83 52
141 48
49 47
31 89
183 108
18 186
113 164
134 52
119 45
59 31
60 157
57 157
25 188
13 198
182 198
180 9
112 8
174 185
71 118
142 19
93 107
45 129
134 106
169 37
154 36
107 75
147 21
32 9
73 34
26 5
136 181
48 11
29 116
165 105
54 131
146 174
139 165
43 59
56 197
40 125
58 19
5 158
84 191
173 95
166 101
108 128
11 159
44 157
69 172
103 86
78 146
175 72
95 160
49 97
166 110
9 57
28 84
147 116
182 195
76 3
118 179
182 12
84 175
145 53
20 68
143 164
104 84
59 130
131 65
1 156
188 131
90 90
27 112
85 157
161 78
75 91
132 178
77 11
173 50
140 79
15 96
53 153
64 191
61 138
97 57
112 129
187 132
41 140
178 196
79 164
2 166
123 86
80 195
32 190
105 26
170 40
99 170
28 49
178 29
155 42
31 126
75 114
135 185
150 93
149 54
11 196
107 58
34 86
187 42
165 89
96 95
185 3
76 111
58 51
97 189
81 127
79 98
187 58
156 15
77 134
17 185
70 192
34 187
92 44
80 20
178 40
26 71
181 36
116 160
106 55
80 160
42 149
89 140
9 10
59 167
113 47
46 3
8 141
180 62
133 59
86 146
143 148
66 75
181 189
121 57
159 28
63 22
2 31
26 68
26 95
179 36
112 93
66 163
112 106
93 30
167 51
74 147
44 43
180 47
78 16
46 156
95 74
186 104
60 92
34 190
117 98
92 69
185 174
28 31
12 51
46 152
141 13
74 57
119 134
47 189
2 169
103 98
116 94
60 30
141 179
151 129
105 141
158 41
25 139
130 140
119 79
160 136
80 17
91 17
100 22
59 73
179 4
99 13
100 50
131 87
57 51
3 135
184 69
43 60
113 68
140 107
143 80
127 54
137 21
137 51
2 193
146 77
49 84
173 88
53 122
5 168
119 162
162 154
120 77
187 101
103 150
45 19
77 32
45 24
108 164
32 99
118 140
11 138
39 196
167 186
142 32
137 165
42 79
142 88
126 119
18 57
105 13
109 164
135 194
164 83
131 187
75 184
144 9
143 38
174 51
170 118
143 24
55 187
67 113
25 110
162 79
105 167
61 196
121 168
48 169
55 133
111 6
185 170
119 173
140 13
48 5
154 152
124 20
79 123
161 20
107 129
187 165
71 144
107 136
4 168
37 59
116 135
136 24
58 143
112 76
149 177
95 199
22 79
104 157
6 103
43 90
178 69
51 71
13 153
134 8
150 79
167 91
85 126
9 4
129 23
82 62
27 36
134 101
75 7
125 91
124 179
36 62
37 176
85 99
133 17
137 99
10 33
168 165
101 192
12 130
142 157
27 103
81 32
37 5
66 194
112 98
40 118
173 74
33 74
91 173
35 166
36 135
5 128
118 5
56 158
176 166
159 12
7 16
51 186
78 166
114 109
180 128
123 3
42 156
4 87
125 51
137 144
60 121
99 25
99 180
98 178
19 56
128 14
131 158
70 197
76 106
155 145
17 15
108 94
105 64
135 56
171 164
76 71
5 44
94 40
51 180
151 113
19 125
80 64
89 120
86 32
36 48
13 185
13 6
163 116
9 134
64 7
117 101
38 6
139 145
104 137
2 126
50 8
106 65
77 175
36 52
2 152
113 148
48 114
121 2
145 109
8 186
31 90
174 89
120 154
13 129
25 174
149 113
8 71
170 156
41 39
152 198
130 91
41 20
54 164
113 28
77 176
121 159
9 155
75 147
131 79
167 106
162 52
56 171
54 133
182 130
114 97
139 37
131 169
104 41
45 193
98 159
129 140
102 116
80 80
114 63
50 36
133 174
106 198
144 134
98 133
22 146
95 200
138 190
153 178
1 150
105 41
139 142
139 151
180 198
48 165
165 9
183 82
180 112
57 181
116 59
72 124
171 189
71 134
82 97
106 135
1 6
115 65
57 86
29 185
159 162
101 4
171 184
36 200
80 69
9 49
157 61
184 138
35 143
80 65
124 47
8 53
20 156
75 121
93 134
90 170
105 125
30 142
131 94
26 154
151 155
40 45
51 57
165 141
111 179
60 149
18 95
81 160
158 95
116 64
141 3
74 150
9 180
16 170
113 108
159 143
17 28
99 83
36 154
150 54
54 187
64 113
11 65
161 164
52 88
3 22
46 65
149 31
76 20
43 38
163 121
150 23
87 89
126 131
69 75
25 79
188 163
51 116
185 97
23 141
94 147
46 74
120 79
178 30
76 46
1 176
75 115
12 127
182 196
81 70
118 29
140 168
74 89
15 168
176 76
75 125
61 46
9 63
151 134
141 108
8 138
103 44
9 28
29 24
130 190
34 64
87 116
26 123
188 74
20 168
169 34
155 12
47 103
149 57
38 157
19 187
104 161
95 63
31 157
138 64
124 122
37 46
54 30
117 91
136 21
23 32
173 10
136 142
112 111
14 165
39 127
116 87
74 70
152 151
26 23
24 101
162 178
158 188
130 10
92 15
51 16
140 183
144 65
123 197
183 118
189 15
115 132
36 169
93 143
11 155
26 153
69 5
11 89
105 182
92 82
150 36
32 1
94 180
93 163
6 66
77 49
124 84
187 34
23 123
163 197
13 40
40 47
55 128
157 159
167 73
103 170
31 195
93 10
2 144
114 11
125 113
116 133
94 89
26 125
69 129
109 102
77 149
115 183
171 136
105 195
92 42
63 88
182 24
112 190
27 60
31 39
182 163
173 45
71 131
178 37
125 179
103 142
18 118
188 6
144 57
118 148
65 46
15 76
13 141
130 184
74 178
21 59
92 114
118 83
59 195
1 135
185 84
149 135
145 65
169 191
185 190
70 31
30 13
11 64
149 198
124 81
19 71
36 158
125 116
178 52
20 191
27 10
144 89
32 63
118 103
144 161
189 2
122 2
181 6
111 157
187 112
159 90
21 99
83 117
160 97
46 168
68 123
132 47
27 89
59 61
32 137
108 60
26 91
57 141
5 88
41 18
23 93
82 70
165 1
102 118
106 71
142 147
85 96
93 88
68 159
79 107
103 90
57 85
141 85
132 113
19 73
75 17
54 78
112 4
99 116
139 179
155 173
111 128
143 150
116 140
33 177
38 50
122 157
145 189
189 141
139 177
53 187
1 115
8 36
4 99
98 151
2 7
163 62
113 20
56 132
114 154
154 138
108 182
118 186
102 78
163 135
88 78
125 196
47 29
18 52
187 187
56 15
55 156
154 98
121 136
157 35
17 90
31 84
54 24
21 138
159 48
185 103
137 141
83 130
167 191
110 130
187 151
12 161
142 173
176 100
153 182
160 69
54 188
10 153
7 176
60 109
135 160
182 112
142 93
171 142
159 8
68 134
136 75
12 8
97 2
50 132
66 167
167 41
68 108
115 180
33 126
163 184
24 15
133 190
99 66
57 171
159 167
127 135
49 75
62 49
173 170
166 120
11 157
87 190
178 159
173 54
177 8
160 100
17 23
87 102
150 175
189 186
108 10
119 11
2 53
34 144
148 181
49 20
185 109
84 5
87 75
134 146
145 182
139 186
120 24
137 181
81 90
52 53
50 83
92 100
121 135
137 74
33 149
113 62
102 39
172 144
76 98
145 196
186 176
19 87
52 13
180 21
150 41
96 10
67 16
32 22
38 106
119 53
72 123
120 184
170 180
108 23
38 83
165 177
170 96
42 190
169 146
160 190
42 144
128 188
167 176
82 105
188 124
69 160
103 69
133 77
123 132
9 35
32 165
108 148
122 137
26 131
82 163
39 98
29 36
102 81
181 169
112 191
91 62
14 187
70 109
89 112
46 72
100 99
161 72
119 116
133 199
63 167
101 93
170 32
43 115
164 79
40 90
109 7
5 169
181 3
109 185
58 6
125 110
183 149
116 177
42 142
72 78
42 195
24 55
178 14
111 112
118 93
42 80
102 65
9 158
44 173
71 178
73 78
172 142
99 197
153 37
147 114
68 147
181 71
13 164
104 96
102 110
180 137
143 16
29 128
109 147
49 119
68 174
167 167
25 51
3 167
26 3
156 87
170 13
3 68
130 136
82 136
28 26
49 48
152 59
77 55
178 166
164 192
4 159
21 198
180 132
120 50
167 34
49 99
5 60
61 59
125 57
43 188
39 10
53 14
73 111
109 11
38 96
31 76
161 46
184 8
136 86
7 50
153 40
160 43
62 17
183 98
118 45
130 154
65 61
76 200
131 112
116 182
53 199
167 95
46 149
87 162
44 100
166 12
50 55
183 63
27 105
41 152
144 138
156 169
150 170
124 110
80 148
24 193
91 98
81 94
7 180
97 38
73 115
23 3
185 129
154 136
107 49
100 11
165 168
158 175
94 104
1 127
110 169
119 97
178 177
11 128
22 107
118 166
118 102
178 72
51 117
41 43
98 38
34 156
58 69
150 187
7 43
9 93
64 194
67 54
138 174
139 91
94 134
181 58
44 80
137 179
178 154
64 101
30 37
41 122
147 199
179 123
57 101
146 143
169 160
180 11
129 192
185 30
107 119
59 200
56 81
60 58
106 199
88 126
154 4
77 56
167 25
68 162
121 175
41 75
100 182
132 66
43 66
138 39
12 103
26 176
85 84
116 88
136 14
98 33
137 169
60 61
111 108
20 138
7 14
107 43
121 95
140 81
164 47
108 85
36 108
111 136
84 31
163 130
56 12
23 72
130 183
44 31
116 143
1 180
186 89
44 93
103 94
162 105
36 116
170 47
30 99
144 49
5 198
121 153
66 135
145 66
90 167
94 74
78 122
5 85
182 182
125 65
9 109
118 8
54 144
145 135
112 175
188 169
58 79
181 141
18 82
64 110
41 184
107 111
83 40
173 111
74 8
20 146
28 123
141 74
94 174
107 195
155 37
126 45
122 161
36 55
32 58
179 40
24 10
176 125
76 51
44 181
103 180
165 116
27 88
141 121
39 199
134 96
36 82
25 90
2 108
14 2
23 166
79 155
80 23
149 153
177 81
61 139
66 81
188 93
122 72
136 98
189 71
156 135
108 122
15 192
106 5
146 105
171 71
9 32
186 159
46 115
137 157
14 132
120 194
24 104
15 179
22 23
59 60
108 44
157 3
3 37
21 64
136 28
105 5
63 21
160 113
86 13
142 188
50 120
151 167
96 14
40 57
20 75
188 14
179 18
160 24
98 195
161 81
35 75
61 77
139 5
154 23
127 33
164 156
130 194
136 128
109 167
41 188
181 77
124 156
59 107
109 39
130 96
32 199
187 68
87 154
182 176
19 194
2 97
185 173
189 99
187 188
184 195
31 131
101 194
123 61
8 105
160 111
36 94
48 116
90 89
61 71
175 119
183 66
93 153
13 193
23 90
111 165
8 56
136 194
80 39
38 187
27 194
165 186
8 46
155 8
33 44
6 12
38 23
76 10
40 135
23 192
23 137
49 143
77 147
128 75
65 194
74 3
163 124
36 74
59 160
103 72
41 29
16 54
74 5
37 45
169 21
142 46
17 131
65 19
54 28
108 114
56 165
37 79
94 31
6 56
168 161
73 3
143 72
62 153
75 3
111 166
90 87
58 163
92 2
171 16
27 46
11 108
70 39
6 152
115 140
146 193
37 105
116 95
79 161
102 124
73 145
101 134
160 186
184 84
73 50
164 133
14 29
68 78
32 192
69 61
118 165
72 114
150 192
25 84
96 31
81 17
117 73
48 61
112 173
119 152
37 165
11 136
28 120
36 12
125 10
171 105
124 189
169 91
90 48
173 13
85 48
73 141
141 90
32 57
124 101
54 162
48 198
101 177
48 125
62 107
189 106
30 66
33 18
38 37
90 74
151 102
177 189
45 9
19 100
48 86
43 52
154 187
54 20
46 189
34 41
74 42
186 123
71 151
25 45
174 97
99 27
150 113
76 149
38 20
69 145
77 92
175 160
15 75
148 91
75 102
15 9
124 76
51 166
42 200
28 175
20 179
4 21
149 77
149 122
57 136
104 133
56 47
106 21
74 74
153 94
61 145
184 155
48 21
114 36
171 25
57 24
97 200
66 72
124 93
90 157
72 128
170 195
51 136
133 32
160 120
147 89
33 156
183 145
30 26
166 122
171 100
114 68
175 179
41 87
86 11
19 33
4 86
169 136
1 131
10 136
7 196
189 66
15 143
53 28
56 28
181 120
82 196
45 104
8 152
125 155
172 147
33 101
63 11
26 149
11 176
114 2
16 147
189 11
53 144
111 79
189 165
115 86
147 175
86 145
44 185
37 93
60 173
12 41
182 70
66 64
68 66
177 143
134 165
116 21
149 56
132 4
61 146
42 63
7 130
154 61
126 24
51 170
7 119
80 83
129 136
140 19
97 176
95 154
23 193
140 84
140 30
80 53
178 53
157 132
166 86
38 67
21 123
64 88
184 191
79 113
175 70
100 71
33 139
69 70
59 170
111 117
86 15
16 151
106 173
68 183
105 145
178 93
12 40
100 178
72 110
54 45
68 143
79 85
51 43
128 106
150 147
29 195
53 96
4 133
160 85
24 90
169 106
122 50
58 128
176 89
49 158
12 16
53 174
137 73
35 24
1 113
61 167
51 13
16 197
143 174
26 67
165 112
37 30
174 95
183 195
178 50
155 114
85 129
144 118
165 69
96 100
54 85
168 84
40 139
116 69
5 4
97 95
59 8
125 63
2 9
29 39
14 124
189 140
31 64
111 105
67 153
134 163
144 116
176 51
43 156
105 159
144 6
21 21
179 140
118 160
102 133
95 22
108 18
137 151
90 166
106 43
103 97
145 179
78 189
133 194
171 18
74 7
2 132
32 146
164 31
168 110
111 65
82 124
127 78
97 58
60 77
123 23
74 142
129 116
174 46
18 20
96 85
133 14
169 139
169 182
77 31
7 107
31 193
76 159
172 115
18 56
122 35
142 79
131 37
73 148
144 192
94 19
107 67
179 87
175 4
94 98
12 165
55 84
54 170
160 58
177 4
173 159
75 10
5 70
5 116
154 159
125 126
92 102
45 89
44 28
104 130
103 23
168 51
114 87
19 45
15 134
127 196
98 50
70 8
69 59
147 86
81 76
152 33
158 74
31 94
69 154
47 129
87 182
25 54
125 140
123 90
43 131
179 198
151 175
169 154
68 154
130 124
149 88
128 125
60 83
56 66
22 65
69 73
132 146
56 91
70 38
115 76
40 76
62 48
161 7
87 195
160 112
162 199
30 147
66 10
175 131
137 49
180 5
35 131
56 99
85 32
188 118
4 156
77 70
122 20
167 71
46 64
123 89
142 100
181 165
66 159
97 17
33 200
124 128
168 94
151 31
32 195
26 29
75 54
101 145
146 166
157 60
101 14
130 53
59 157
115 78
70 156
43 86
176 67
65 45
100 121
125 23
81 168
95 169
128 98
9 53
105 83
85 31
34 92
110 48
7 2
129 6
134 180
122 141
162 195
120 139
10 12
176 119
182 171
72 35
83 77
61 4
187 137
69 165
131 155
103 102
131 31
66 87
53 33
19 3
14 180
113 170
174 175
22 58
88 66
97 48
178 79
119 159
102 100
82 177
1 118
29 167
151 177
39 1
80 144
113 59
10 110
157 63
109 37
100 42
23 29
12 56
111 51
31 160
164 90
38 49
163 113
42 36
139 150
159 103
139 155
25 176
173 30
167 37
15 79
181 5
89 42
152 72
57 4
82 2
78 37
102 10
5 56
169 56
153 124
47 11
94 55
93 61
128 35
168 58
130 29
126 117
66 20
16 186
63 133
109 192
167 90
120 20
155 111
96 33
186 33
14 15
167 122
167 180
150 103
69 1
169 53
66 164
132 167
43 173
162 114
179 93
96 143
50 106
188 147
1 185
35 35
72 148
147 143
90 169
36 141
93 190
44 147
104 132
55 197
57 75
49 114
38 76
146 89
111 23
122 178
177 9
9 23
90 189
69 184
66 59
137 108
40 163
66 92
70 180
57 156
26 165
146 98
24 185
25 75
109 50
1 67
188 47
130 121
135 111
138 137
120 162
12 35
142 101
185 148
24 189
6 164
22 143
128 88
182 49
116 77
21 159
121 177
108 194
166 34
33 141
69 109
187 49
177 159
67 177
97 5
115 41
33 148
155 85
6 47
44 54
20 129
168 45
21 50
7 75
20 6
182 194
42 171
42 177
101 43
122 122
45 10
67 21
63 82
7 194
147 147
33 59
110 166
187 106
67 94
111 38
138 36
70 21
132 37
66 98
102 36
123 151
143 95
169 23
174 146
142 193
87 35
157 72
49 174
165 16
89 94
144 12
187 11
106 176
127 88
81 117
40 187
15 171
189 197
161 69
184 90
91 122
130 15
58 174
151 46
107 40
122 121
155 32
183 144
80 191
16 132
133 33
134 44
100 17
154 59
95 162
33 152
183 171
144 24
39 82
158 128
162 35
75 196
86 191
65 149
78 181
157 19
19 94
54 46
38 186
57 62
124 14
113 84
111 164
151 110
183 16
131 126
131 108
168 62
160 47
55 76
51 121
136 130
173 76
117 148
164 125
126 49
37 185
167 114
46 199
17 119
181 188
32 177
141 120
57 153
82 82
39 47
94 2
135 27
57 178
88 79
131 53
161 30
63 26
118 25
189 109
175 74
9 96
95 138
130 47
34 76
152 75
18 34
92 182
81 47
88 160
12 85
18 154
174 180
117 170
159 45
117 129
89 92
179 176
24 51
64 175
98 92
146 32
16 24
78 99
110 33
21 48
62 87
38 123
61 119
41 133
7 108
17 70
187 46
99 46
18 129
186 20
47 180
115 32
47 107
123 187
43 117
52 52
55 115
86 40
81 81
38 63
93 16
55 93
7 58
73 185
21 122
144 135
84 180
96 72
139 167
28 41
79 46
107 31
110 15
175 62
15 173
113 51
52 174
153 17
185 26
185 124
126 166
115 92
115 100
172 133
57 148
161 83
20 159
6 132
113 183
135 129
188 180
161 52
147 32
127 28
141 175
155 101
88 26
69 105
53 130
1 189
68 77
55 39
175 77
188 158
88 58
81 51
75 183
92 3
172 63
66 116
137 22
27 95
31 122
57 103
148 40
41 126
18 98
114 5
93 106
42 26
145 193
142 139
39 26
141 89
42 107
117 72
92 10
67 123
178 91
170 119
72 85
21 172
169 155
156 48
25 106
55 171
9 13
158 99
33 55
102 185
19 184
157 155
45 50
151 187
8 54
6 80
41 64
83 67
114 133
49 33
109 69
144 85
105 50
135 69
121 145
159 159
180 57
117 111
134 138
120 65
159 134
117 196
172 13
74 54
164 93
38 85
189 176
148 106
156 105
47 126
69 119
131 130
13 31
23 190
54 140
2 127
97 34
43 37
12 42
132 24
134 79
43 143
34 163
84 57
13 200
134 42
110 129
189 153
46 38
41 70
24 97
64 25
49 70
128 160
6 177
189 56
68 26
48 41
79 170
71 69
75 108
2 54
135 61
185 72
57 17
133 79
61 38
53 119
171 43
1 62
120 114
27 191
157 34
22 16
144 21
52 46
137 44
128 168
120 178
1 73
145 83
59 20
111 80
63 35
104 40
154 133
180 120
3 4
166 112
1 177
63 12
94 175
35 36
98 200
22 6
138 112
107 52
100 57
121 125
165 176
64 4
159 152
117 179
186 46
38 7
181 106
189 138
63 118
18 66
184 164
104 185
43 4
111 12
188 60
49 121
138 59
147 138
55 66
115 161
51 131
142 2
173 91
69 104
158 152
155 127
111 126
187 54
160 87
14 150
41 132
23 174
53 87
65 27
61 98
42 104
75 76
182 114
131 50
24 99
108 67
29 41
69 118
37 31
101 186
156 109
110 57
6 82
89 173
188 94
67 87
22 26
18 33
164 78
186 108
120 158
153 93
86 178
104 148
181 100
77 23
23 167
13 56
62 151
90 139
118 133
182 160
60 108
106 160
155 99
175 184
145 28
157 197
116 181
131 135
121 102
181 123
32 129
87 120
181 57
62 96
150 162
92 198
96 185
170 31
86 43
104 12
148 194
35 191
1 59
49 73
153 179
116 99
11 169
134 145
115 40
7 195
119 59
162 43
164 68
120 96
116 83
28 36
42 180
181 33
31 101
115 4
138 43
81 105
118 147
51 21
46 140
102 4
17 179
69 107
86 87
184 98
176 66
55 1
5 159
106 24
122 133
172 129
128 176
112 11
32 141
122 187
126 184
133 198
172 192
100 39
188 42
41 159
88 97
71 71
165 189
153 111
106 102
185 167
171 116
155 163
36 11
178 5
156 28
186 199
38 136
50 116
64 140
126 72
63 146
123 178
54 57
181 124
40 5
20 170
124 74
185 188
158 40
134 87
153 27
49 185
187 133
184 46
120 4
180 125
142 118
8 62
94 8
109 9
10 45
18 79
143 162
60 14
91 53
163 108
176 159
55 83
74 117
4 19
3 116
145 118
126 109
141 128
83 164
105 90
114 4
137 2
10 43
119 174
15 11
108 158
89 174
107 114
142 77
132 7
25 58
1 153
109 10
7 27
125 160
24 91
166 78
1 29
83 97
47 153
121 43
181 15
34 98
42 8
84 61
144 181
8 1
115 192
6 41
57 25
188 46
25 172
22 20
100 168
111 113
76 137
173 34
134 24
43 133
13 74
166 124
59 147
108 19
164 52
26 167
112 37
121 34
111 30
154 72
106 187
143 8
66 29
126 93
2 33
83 83
111 84
41 23
82 112
130 17
32 148
61 43
38 73
91 59
74 6
88 171
71 108
151 21
161 137
153 143
39 101
33 106
179 47
49 104
130 126
75 39
155 84
130 155
131 106
140 173
93 122
33 1
13 85
120 102
85 14
16 6
125 50
18 3
92 52
20 112
62 22
93 128
14 191
69 14
35 165
67 107
187 198
86 127
114 127
129 19
131 165
40 68
36 33
76 15
95 72
144 190
41 10
15 187
20 104
38 159
65 187
10 31
8 148
30 141
25 182
159 132
189 20
35 30
182 178
5 73
43 161
29 164
73 153
47 22
95 107
9 194
141 18
28 42
106 34
156 6
156 125
58 144
145 170
11 140
124 161
175 187
49 147
129 29
86 193
163 173
177 37
102 45
20 12
87 6
110 32
36 130
23 50
184 107
44 33
121 82
189 134
162 119
18 84
105 191
133 96
49 50
18 116
149 17
187 170
71 59
86 142
81 95
94 9
139 56
131 150
98 86
133 142
31 187
97 180
175 97
137 15
114 111
103 17
158 34
149 142
93 200
153 28
82 176
169 44
19 10
142 86
131 29
84 75
71 109
52 22
22 197
128 64
20 115
103 11
100 108
131 143
146 156
170 106
187 22
156 182
116 115
65 186
187 2
110 156
129 113
185 43
103 174
132 49
119 6
83 10
185 28
126 44
177 128
172 27
44 159
143 109
138 117
130 68
187 144
54 99
162 138
105 77
107 164
5 96
62 184
182 155
93 169
132 27
43 34
151 107
63 96
97 47
164 169
38 147
145 67
56 77
68 118
108 118
128 99
166 45
117 183
184 80
120 39
6 184
19 195
173 155
121 21
45 199
59 25
95 48
81 187
8 17
58 184
160 52
12 52
168 134
55 170
160 35
176 55
41 55
27 126
80 169
39 103
104 105
22 12
9 46
46 10
82 6
15 23
37 102
79 56
153 98
142 124
153 150
48 42
156 132
20 54
39 140
71 61
69 85
76 166
154 82
29 110
73 195
112 28
173 162
1 154
30 22
178 73
150 167
108 153
77 41
102 172
69 103
61 54
114 93
31 191
187 138
140 68
178 94
151 70
22 2
102 144
179 54
36 179
131 38
119 5
44 56
26 45
90 107
113 105
107 112
128 56
79 76
42 153
20 62
125 22
125 82
129 120
7 152
129 198
14 183
34 101
144 54
22 149
55 112
128 6
27 97
137 196
98 15
90 116
114 13
34 17
189 40
86 138
4 134
94 22
72 79
115 163
110 197
79 13
139 114
151 192
129 105
41 113
127 27
148 98
36 148
43 136
162 21
177 24
114 18
52 84
79 93
37 70
136 93
44 149
102 68
20 95
22 139
112 144
59 185
24 137
124 103
75 190
115 129
83 21
58 93
63 7
145 43
92 118
51 98
178 96
93 67
109 172
12 111
12 144
176 11
177 145
29 114
143 197
88 16
21 18
71 81
149 194
19 148
126 10
162 191
147 46
56 39
8 164
92 140
119 12
141 122
137 55
79 193
84 153
153 10
142 23
154 15
23 158
179 70
2 6
182 156
146 114
103 33
22 168
56 74
105 32
41 163
63 168
92 27
142 128
48 139
4 74
87 145
22 160
113 43
83 133
131 8
79 146
176 108
145 126
175 125
57 43
92 187
137 173
63 184
44 135
148 139
22 186
185 82
51 5
21 184
184 169
26 28
78 115
143 81
125 186
129 13
90 91
184 85
61 33
99 125
33 190
49 198
170 167
53 171
68 89
105 52
31 61
73 160
118 107
108 196
45 190
4 72
131 196
92 142
176 140
5 137
59 10
158 154
13 100
114 3
38 162
111 199
77 129
141 126
43 8
14 131
55 166
67 45
187 75
19 61
3 188
163 56
34 122
101 169
176 87
47 13
95 26
152 52
64 177
93 49
96 166
165 28
15 200
131 154
47 50
142 145
108 197
93 173
43 32
2 131
35 113
94 65
96 3
161 38
9 119
174 11
111 180
109 154
38 59
163 17
87 125
108 89
185 100
145 172
75 146
138 115
12 141
130 92
30 38
121 99
95 128
22 114
169 127
83 122
23 172
142 108
148 190
75 5
167 70
27 111
163 110
70 33
101 114
140 106
9 126
106 36
66 188
144 194
156 116
13 80
111 63
184 122
111 188
136 152
30 48
114 162
108 51
62 178
163 6
125 128
52 121
16 66
146 41
34 70
122 75
22 76
57 126
127 51
13 175
104 143
58 96
89 95
180 156
63 27
10 48
166 117
25 39
188 182
8 124
1 35
51 148
93 125
169 173
87 186
135 8
128 46
23 195
62 164
112 121
16 75
24 198
70 176
76 58
64 143
4 95
91 7
157 135
91 191
37 128
83 132
160 95
89 82
61 108
15 136
145 22
29 78
171 89
189 43
34 58
130 195
172 198
93 17
104 49
150 198
1 58
153 119
163 39
146 6
161 114
130 178
165 151
187 70
72 10
19 14
93 62
112 176
121 111
50 53
88 124
140 138
59 137
92 189
95 60
137 174
142 135
167 196
120 132
66 178
141 165
14 86
134 128
12 155
163 18
45 195
78 22
186 132
165 93
94 93
60 171
53 92
102 49
104 10
43 154
53 179
175 129
135 195
19 162
45 40
122 115
59 58
163 10
14 198
2 48
140 15
83 129
92 154
131 39
125 191
164 34
96 124
117 161
53 110
160 59
130 170
158 106
136 137
106 117
132 46
111 3
75 112
137 19
126 142
136 131
179 64
92 67
57 26
119 161
122 116
100 153
156 126
25 166
27 92
64 174
186 145
123 33
4 154
101 158
71 170
176 187
172 46
117 65
154 113
98 118
109 188
75 82
185 132
106 153
73 15
179 167
6 180
157 170
10 37
114 179
13 10
44 158
38 11
18 140
60 84
184 139
162 146
54 25
41 193
87 183
148 96
19 22
180 81
39 54
122 162
166 95
33 140
29 135
80 29
167 30
19 74
114 77
51 176
12 136
156 76
100 146
68 73
143 76
160 192
152 101
96 12
116 103
10 82
145 191
45 94
81 45
99 74
92 120
5 176
11 194
183 68
172 128
161 82
83 120
162 24
63 69
79 157
49 152
13 17
32 172
163 98
180 65
183 115
97 181
143 37
138 144
132 144
34 71
55 19
166 131
14 186
32 108
103 51
11 50
60 54
49 167
51 173
2 57
86 60
21 121
159 135
166 135
4 180
60 159
43 19
156 165
14 122
165 79
89 49
74 61
120 46
141 97
117 160
149 164
148 27
99 100
32 61
145 78
56 198
144 130
113 180
140 118
63 123
102 200
144 44
95 124
130 177
173 166
94 143
1 77
76 49
160 179
43 41
89 4
29 136
62 40
32 128
27 164
61 193
40 50
73 129
154 91
36 6
29 150
171 187
66 137
32 196
49 53
43 119
175 162
73 76
152 133
90 125
111 121
6 183
40 6
