104 180 20
7676
54 103
51 47
80 95
70 54
48 43
109 59
163 98
76 83
53 43
90 14
169 95
46 85
7 59
101 96
170 55
135 25
39 5
99 26
178 100
116 40
139 55
20 61
35 68
160 55
48 39
166 97
49 79
32 94
133 76
159 54
154 28
26 39
95 40
155 24
143 47
78 41
60 52
116 74
45 54
157 3
19 55
158 79
83 85
157 20
63 2
21 28
29 32
30 15
111 59
174 61
155 20
127 35
172 2
55 81
111 24
122 62
55 103
176 76
33 99
88 54
105 36
135 73
59 47
91 57
42 103
2 10
149 87
161 41
65 91
79 65
119 85
73 27
113 35
7 52
38 1
82 26
111 52
110 59
13 30
156 45
124 73
94 4
134 73
60 72
68 76
77 4
23 8
3 39
24 32
81 87
121 87
8 93
40 95
170 92
48 14
122 75
67 71
115 100
168 15
152 44
177 62
153 5
35 40
125 26
155 62
138 70
144 16
96 82
144 14
63 79
40 1
150 89
97 11
167 17
78 58
107 89
79 25
158 59
170 75
81 104
178 73
131 69
21 72
82 103
44 54
138 75
134 79
45 23
8 15
132 87
115 64
139 100
81 51
155 73
50 73
40 9
136 47
55 26
28 10
157 37
66 46
90 101
24 11
139 98
115 75
65 29
18 63
96 25
110 50
155 74
61 91
82 10
51 86
18 91
36 101
28 32
166 44
158 46
33 69
61 29
153 85
27 49
83 66
143 45
24 72
4 5
148 75
150 5
136 9
33 95
136 69
139 80
54 89
74 62
65 88
31 83
70 59
174 37
141 21
82 53
165 63
120 56
78 99
14 45
127 33
163 54
170 82
19 29
138 54
82 92
61 103
84 7
74 98
105 47
107 90
86 65
4 100
179 49
7 39
32 98
149 5
95 44
44 4
126 104
19 88
52 23
79 92
7 4
166 13
24 76
175 25
56 15
60 24
130 100
29 34
161 10
109 80
161 81
58 55
18 45
62 62
2 20
103 80
55 83
79 40
70 85
24 100
155 19
168 69
86 32
4 80
49 96
22 71
139 15
136 86
88 85
92 48
84 95
7 58
101 92
136 55
78 95
177 24
66 44
21 7
77 59
2 60
161 6
79 67
73 68
30 39
140 77
96 70
147 51
15 100
121 98
114 8
3 85
82 13
107 19
135 49
46 29
121 65
42 9
158 89
177 39
129 25
50 61
168 42
53 59
169 77
107 87
41 55
118 61
125 40
94 5
34 13
143 61
86 28
29 64
89 10
174 47
4 52
139 21
57 47
32 96
116 76
55 54
56 10
92 26
107 46
128 34
46 65
96 49
56 69
75 90
100 96
171 7
21 49
49 94
177 11
176 31
140 15
133 19
156 16
47 91
93 6
164 96
74 58
14 92
143 83
124 7
15 36
62 29
108 34
169 94
137 21
95 23
173 61
48 22
150 56
34 51
129 24
132 16
29 21
107 99
54 29
21 55
53 45
165 82
167 62
118 62
90 86
26 11
21 53
106 80
108 17
124 36
150 66
81 2
46 24
144 10
127 90
56 92
136 64
147 104
87 97
27 16
127 53
174 51
135 24
166 104
28 49
89 99
109 24
102 68
163 12
74 60
164 79
78 13
102 92
163 17
126 18
122 5
44 101
68 72
84 48
29 13
66 30
89 70
83 62
29 90
13 71
178 101
135 53
171 54
25 95
120 24
30 98
97 59
126 17
94 66
91 14
1 82
130 102
112 83
104 5
175 24
159 7
45 92
125 19
94 20
30 91
145 100
151 71
108 74
157 59
33 9
81 61
138 44
15 85
48 13
69 97
122 41
114 36
160 101
68 104
168 34
98 59
158 71
158 5
176 47
64 80
100 100
1 1
66 38
72 90
45 48
66 25
43 42
71 101
6 22
2 40
151 40
42 88
5 55
33 74
9 57
17 12
42 68
171 53
125 74
168 90
28 91
119 34
8 45
44 10
12 33
20 47
23 73
3 13
162 54
5 35
143 96
27 89
144 34
87 82
110 51
22 74
88 43
6 8
103 4
85 66
128 102
114 103
100 46
177 1
99 43
15 35
138 76
106 73
119 94
109 49
173 47
75 94
130 41
93 86
155 92
135 26
172 10
21 76
162 65
90 84
3 40
17 48
86 15
167 45
3 62
142 36
141 82
159 56
67 41
152 101
37 59
174 66
136 101
92 32
76 11
43 39
144 50
167 12
70 11
133 18
138 35
93 38
100 37
36 73
54 96
169 104
72 13
102 67
1 39
111 103
61 12
92 90
72 11
39 85
112 87
139 76
81 37
91 42
141 100
71 24
121 96
172 57
136 94
116 29
55 14
126 45
67 7
14 84
76 84
24 6
73 26
112 42
178 102
89 56
13 86
70 69
15 2
32 104
153 42
140 43
137 45
118 5
166 30
52 100
49 28
23 74
107 22
120 82
151 23
8 48
19 4
144 23
142 43
176 50
91 101
121 28
8 25
14 50
120 33
62 32
166 12
141 48
104 39
87 5
100 29
123 42
175 16
140 23
123 43
13 91
110 49
101 38
73 94
115 89
46 74
135 65
89 55
152 39
25 1
152 4
90 90
110 71
14 77
152 43
77 54
154 42
42 58
19 36
142 7
61 37
14 98
149 98
154 13
168 25
76 80
39 100
119 86
85 71
94 1
30 8
120 83
178 84
54 41
4 8
128 22
115 41
68 22
78 35
154 19
43 22
70 43
179 62
179 12
129 6
140 94
58 31
46 2
86 48
50 64
91 24
54 15
53 100
40 22
143 75
155 95
79 43
37 36
94 16
141 46
89 8
173 40
174 69
177 69
33 103
174 15
70 33
156 49
90 1
115 21
99 77
156 10
30 26
105 67
148 82
80 57
153 83
37 82
33 70
22 33
147 64
91 36
40 67
19 44
45 91
38 6
164 95
147 81
154 82
153 50
84 73
138 102
1 96
42 21
53 8
135 85
40 33
23 63
88 58
106 72
27 1
34 77
38 24
69 67
6 11
79 50
171 57
91 18
159 41
145 4
74 20
92 46
158 70
59 29
100 84
42 27
109 41
66 45
139 23
133 2
177 36
140 53
173 7
1 69
128 98
50 46
10 36
48 83
130 91
114 9
90 94
50 13
128 68
149 37
95 77
95 48
115 48
82 85
78 52
107 76
53 36
52 97
17 36
101 102
140 20
111 85
89 53
166 74
93 42
162 44
9 3
10 90
35 14
169 8
8 101
25 50
134 84
81 31
78 83
47 21
49 80
62 79
100 18
80 43
51 56
123 38
65 49
97 68
105 27
174 59
96 5
55 31
2 87
36 83
153 91
104 82
80 25
120 10
179 97
137 64
82 7
47 64
62 28
41 99
17 67
72 29
73 55
141 31
146 71
104 103
35 9
106 49
112 62
27 51
2 53
27 70
90 56
24 38
100 63
49 99
105 53
128 87
90 31
4 62
90 64
79 11
47 62
146 39
53 67
57 89
117 91
48 11
24 62
47 104
33 57
81 74
113 64
2 62
108 32
87 7
170 100
146 68
107 65
144 62
95 8
8 10
35 63
114 97
46 51
88 63
152 85
149 47
46 94
27 41
120 55
177 67
162 62
69 66
15 64
124 93
105 74
162 78
142 79
105 1
22 24
126 43
52 34
153 22
106 2
102 44
15 4
158 74
33 65
154 65
72 12
2 78
124 45
90 71
42 49
32 74
58 51
97 4
54 93
161 37
103 59
111 2
163 49
16 80
80 85
109 71
30 20
7 87
102 32
27 37
118 102
23 7
38 66
131 68
29 27
86 53
80 38
167 10
108 81
93 90
96 83
124 9
129 17
61 32
57 68
147 56
15 30
30 64
150 76
157 23
79 51
81 68
6 68
78 14
103 97
54 10
99 25
61 63
86 30
3 1
158 4
151 9
59 6
2 56
92 31
78 31
107 69
139 74
41 75
21 58
92 27
82 46
66 34
9 25
145 26
179 21
17 25
151 32
162 51
141 35
12 52
25 41
169 88
22 72
129 11
159 94
133 31
24 12
154 71
48 78
112 100
64 27
77 98
65 93
176 45
171 91
15 11
87 77
154 80
99 85
91 40
75 31
175 74
17 27
71 56
75 89
27 10
122 53
41 19
84 44
65 16
179 61
115 95
108 1
23 65
28 92
126 36
25 103
166 27
117 34
119 5
56 72
176 19
75 25
168 40
39 8
160 88
27 90
64 73
14 104
116 18
160 19
17 4
56 12
84 99
145 72
121 1
129 59
72 67
62 11
165 56
127 89
68 5
73 4
23 92
153 88
91 75
128 21
40 24
2 100
169 43
70 62
89 100
140 61
119 96
106 90
114 3
159 104
88 13
99 101
112 37
139 48
72 1
74 9
163 56
88 12
21 13
108 48
172 5
157 63
145 86
4 38
16 41
164 35
5 30
8 32
45 79
91 100
89 93
77 81
109 81
31 87
81 80
97 53
66 103
19 91
59 87
72 30
156 12
54 17
24 58
180 19
158 102
134 40
33 18
2 30
32 62
111 5
46 14
33 102
40 78
63 94
133 85
149 96
42 10
106 70
142 72
49 1
6 65
141 33
101 61
136 11
128 56
13 25
170 3
18 57
1 25
5 80
49 61
139 12
62 84
108 95
5 89
141 1
44 28
1 59
23 79
133 21
90 28
42 11
31 31
3 48
22 11
12 39
128 74
74 10
55 50
146 35
12 40
48 28
66 86
92 12
120 12
57 80
123 4
41 52
49 6
25 83
52 13
117 33
134 67
149 100
20 25
155 27
179 91
158 101
149 19
169 54
123 40
127 103
136 22
104 96
139 26
56 104
51 12
142 45
92 13
102 40
158 52
94 53
111 94
77 46
37 50
117 11
53 11
176 20
149 39
84 26
134 57
148 9
28 1
173 38
80 71
112 10
16 39
140 55
129 52
104 42
63 57
87 103
51 80
169 50
137 23
130 50
88 100
14 89
9 50
58 83
93 9
166 78
69 46
121 85
113 23
112 39
175 12
70 19
95 50
156 80
34 27
21 96
153 36
10 57
22 96
40 23
38 86
53 80
81 4
53 3
83 33
30 90
82 38
139 89
70 74
146 17
121 7
10 83
75 95
177 15
60 27
145 47
21 43
6 59
133 15
94 69
114 54
42 73
152 14
95 13
172 29
27 31
52 46
101 14
24 9
129 32
51 69
171 20
164 44
144 63
172 34
170 99
33 81
134 72
1 22
25 75
78 7
103 42
69 57
80 103
116 11
148 102
138 73
26 63
48 36
115 27
57 58
16 101
179 102
47 33
117 71
117 63
65 30
6 79
128 20
155 77
107 30
48 51
126 52
180 78
92 79
121 34
105 87
19 33
26 69
37 90
29 22
140 2
62 83
97 76
131 71
41 8
169 60
166 60
163 60
144 9
68 3
33 85
156 58
53 102
101 91
43 63
21 4
22 90
143 56
84 104
20 93
38 19
174 10
99 84
10 7
24 4
68 27
12 19
148 71
143 30
52 56
43 14
173 66
173 12
166 94
138 91
117 96
121 94
61 79
48 97
23 97
95 89
117 15
72 59
43 34
141 40
103 60
25 3
94 56
73 62
172 14
36 61
76 68
136 16
73 99
50 21
59 32
54 92
112 60
141 7
88 18
156 61
75 15
39 80
137 95
19 99
134 63
47 44
133 43
41 42
46 15
15 67
25 79
15 32
56 44
58 85
40 87
103 58
64 101
99 97
100 68
149 54
174 104
157 73
153 84
65 57
162 99
165 57
23 70
45 72
171 96
115 50
166 8
108 61
6 96
13 101
1 5
16 13
122 98
126 60
79 10
63 28
7 37
169 68
148 104
92 101
153 30
149 63
143 55
90 23
137 54
35 58
69 96
99 99
98 29
70 89
99 20
97 51
87 53
34 18
132 3
100 55
157 7
144 101
25 85
123 52
18 93
19 46
62 94
57 96
119 47
42 78
130 3
141 94
106 50
162 21
172 40
117 2
178 68
68 32
83 53
9 45
132 58
133 16
177 21
51 95
41 82
3 73
96 90
93 58
30 23
77 56
179 10
61 35
6 49
167 42
52 19
139 68
60 50
67 33
45 74
50 11
178 22
152 77
98 79
129 29
89 69
43 53
99 29
63 91
22 81
150 43
16 85
11 39
24 43
136 74
33 51
144 17
135 17
23 1
50 6
156 101
180 25
158 8
149 8
157 15
162 94
91 10
82 101
104 22
68 33
125 96
137 80
66 90
148 43
98 55
2 16
13 48
95 6
13 95
129 97
74 101
137 40
98 28
60 70
115 15
126 86
151 102
2 86
119 14
83 37
177 19
72 101
85 100
141 42
133 24
143 82
173 15
10 23
110 83
149 42
173 1
8 52
110 77
48 46
122 51
146 3
168 48
116 10
100 21
17 96
54 45
176 95
138 78
154 6
3 30
94 82
171 12
60 45
28 87
76 82
155 18
88 56
104 19
123 85
60 89
31 69
12 96
141 81
112 79
47 97
146 58
43 99
75 92
123 39
105 89
106 28
70 12
46 58
105 39
50 80
172 43
116 45
147 74
176 75
143 85
144 80
97 42
162 33
126 57
130 92
117 47
168 24
157 1
33 54
9 77
98 72
58 37
56 59
49 43
35 72
108 65
20 42
3 55
130 104
64 35
63 19
52 7
138 17
56 3
70 90
7 71
9 49
70 18
131 54
87 33
16 52
42 31
94 34
103 21
120 3
42 7
10 35
87 21
170 83
175 78
151 10
151 100
40 14
117 67
177 58
87 80
66 11
141 79
109 20
162 59
89 60
44 13
106 56
151 41
87 65
109 17
151 38
84 8
35 2
177 34
100 56
151 4
140 60
67 36
167 92
8 35
101 59
91 83
111 19
73 51
66 96
61 58
22 28
170 81
75 81
171 19
165 99
52 11
10 70
36 21
122 83
39 34
111 54
12 65
175 31
59 11
55 8
38 76
100 10
58 96
62 86
52 74
48 88
25 29
65 2
126 55
23 34
88 94
163 89
153 4
168 81
3 49
127 37
111 82
173 30
14 69
153 18
77 23
156 4
75 19
132 66
17 56
26 7
157 35
21 46
29 71
180 61
153 32
85 51
64 53
43 47
9 56
174 35
144 48
91 35
91 19
19 31
122 104
40 19
173 80
110 48
107 56
38 2
12 41
14 16
92 42
43 28
71 97
17 100
12 101
73 21
134 14
151 44
9 7
160 82
2 28
112 96
119 8
42 72
94 90
71 54
17 28
17 91
154 38
159 6
72 70
106 54
38 57
10 44
34 20
68 87
129 84
126 56
167 34
140 42
67 61
118 30
113 82
20 48
36 77
141 66
174 71
159 4
73 31
171 75
65 85
22 23
1 24
41 17
159 46
133 9
51 11
68 49
70 45
36 84
38 52
148 51
180 6
91 91
16 64
2 66
127 51
165 30
102 104
125 64
130 42
133 96
68 66
158 29
164 41
15 49
147 19
46 22
40 71
14 41
60 101
106 40
26 81
83 60
92 4
48 71
163 37
175 94
49 46
122 36
63 89
122 80
152 6
159 16
156 57
46 35
80 40
3 59
143 10
147 33
180 29
180 20
95 104
115 37
94 2
12 86
154 14
161 91
120 61
150 35
132 6
60 87
73 14
47 7
104 80
41 29
4 103
121 4
61 78
35 16
172 65
103 41
134 9
152 5
116 56
68 89
114 76
18 95
178 16
23 91
28 22
47 66
2 32
75 88
172 47
142 37
31 61
100 94
96 96
20 71
163 36
64 59
25 104
32 78
150 95
153 12
132 5
49 12
121 43
172 55
82 74
87 39
13 9
92 2
4 72
169 103
66 63
141 68
25 17
83 11
170 49
5 19
83 68
34 96
62 38
139 96
21 104
159 102
39 28
66 69
89 54
35 38
96 10
22 6
180 52
20 36
43 41
99 61
57 98
8 19
81 36
162 4
43 3
136 82
151 14
176 80
34 1
50 45
149 9
161 58
154 45
29 8
119 33
81 46
87 11
20 57
154 33
97 23
110 13
116 6
138 94
115 70
6 97
157 67
174 89
118 46
128 32
82 58
141 99
167 2
12 10
178 94
22 91
138 95
45 18
115 99
24 89
51 60
80 19
25 61
88 49
103 94
89 16
69 70
17 3
138 72
33 92
24 59
142 46
63 73
164 53
44 81
43 81
13 40
60 16
168 98
162 100
124 25
41 44
138 53
47 3
177 91
111 45
80 100
39 93
115 40
76 31
103 70
148 69
117 49
145 87
112 67
18 6
7 48
91 97
122 26
59 77
137 20
66 71
53 58
84 41
54 55
50 60
148 24
45 15
155 25
138 16
111 78
178 12
78 59
173 86
162 89
54 48
49 100
106 62
94 49
133 52
80 102
34 56
26 47
67 62
179 3
137 73
26 31
29 49
17 55
40 16
21 40
5 59
59 70
66 2
136 20
55 25
102 46
111 44
72 64
169 89
157 99
165 96
155 86
82 84
132 49
109 27
14 85
14 55
148 80
14 80
171 2
133 65
90 11
28 98
17 2
8 29
155 33
158 61
94 24
101 3
160 25
49 91
112 5
78 68
43 43
137 35
152 76
81 29
60 30
134 62
180 44
30 27
121 37
109 8
56 27
133 48
45 76
68 43
36 46
75 18
38 56
110 67
10 104
57 25
6 27
12 84
109 99
41 93
140 67
130 38
109 85
137 16
76 25
120 51
78 62
106 9
135 6
18 81
160 36
148 73
104 45
103 24
128 11
43 1
39 83
15 40
83 64
176 38
111 83
91 82
114 93
175 104
69 71
36 69
72 53
175 82
30 52
149 103
120 1
120 68
76 3
43 71
28 41
107 77
27 34
13 103
26 6
167 84
73 33
161 51
34 71
54 52
64 85
72 5
75 73
68 98
99 14
125 12
89 76
22 27
163 13
159 57
68 86
158 55
127 12
47 1
105 58
155 97
173 2
155 90
147 100
123 19
48 104
100 74
56 46
149 25
78 87
161 70
46 59
38 73
26 38
74 78
137 19
122 54
130 49
52 102
139 93
78 34
79 55
51 27
164 52
78 75
39 62
57 62
23 90
108 15
178 83
53 7
162 63
78 26
4 11
98 10
170 13
44 32
11 43
131 83
48 53
135 78
141 19
100 101
25 52
56 71
19 86
161 8
131 4
115 30
47 19
174 98
60 102
17 101
161 16
128 55
105 8
88 71
95 33
66 17
48 57
179 65
21 41
101 77
148 85
50 96
7 65
25 69
153 2
93 80
162 46
122 22
67 76
37 100
134 60
19 69
130 5
173 9
130 24
117 66
60 98
60 73
11 3
144 4
172 50
159 101
15 7
112 94
54 19
156 89
26 28
95 31
176 100
167 24
43 94
12 21
115 36
161 69
62 60
32 64
19 1
124 92
111 93
12 55
84 53
142 95
81 30
119 42
168 30
151 6
26 71
51 73
41 21
104 69
39 104
150 53
21 16
81 66
62 46
12 95
25 4
89 42
164 31
147 11
26 48
89 58
10 18
141 8
149 48
111 38
148 22
138 42
77 58
155 13
139 40
116 2
38 103
11 68
113 90
83 10
4 3
39 25
71 84
20 77
60 39
132 96
80 8
136 27
65 89
170 17
9 29
48 24
151 1
120 41
46 44
143 77
49 72
93 22
178 33
56 39
3 63
110 3
19 11
116 34
40 70
55 104
99 6
89 52
141 93
92 61
82 71
56 21
91 66
96 78
41 20
106 77
167 40
122 94
108 68
168 45
92 89
66 99
21 8
114 77
114 50
43 17
109 4
89 17
42 50
53 77
45 7
66 19
79 32
50 52
128 89
149 15
150 81
20 65
174 92
102 23
74 40
7 23
7 5
63 40
172 9
171 13
176 16
117 3
13 15
139 88
2 93
127 40
85 90
177 18
165 98
162 80
29 31
57 91
102 87
137 92
41 16
15 17
107 73
48 20
52 92
157 31
13 58
52 29
168 93
74 82
126 24
127 17
122 12
143 71
37 10
79 26
147 20
75 84
66 10
81 55
26 101
108 102
17 22
15 50
92 22
28 89
64 7
133 7
61 22
138 25
92 11
43 2
122 96
1 58
109 36
2 85
77 61
179 53
179 42
63 55
149 59
160 61
27 96
16 98
148 62
148 34
102 86
89 84
36 57
171 99
178 80
45 1
114 17
56 77
70 34
99 39
162 40
99 86
56 19
157 87
86 81
16 99
82 52
21 22
20 17
13 23
174 93
111 76
84 39
150 91
179 43
113 19
61 8
164 72
133 61
133 69
62 37
137 78
135 43
172 100
154 48
39 46
155 9
78 81
96 14
165 88
71 34
9 89
165 52
67 80
16 35
95 98
9 69
94 81
84 12
26 85
145 13
3 25
125 69
16 47
11 12
56 82
104 43
104 86
129 2
82 45
158 26
3 7
97 64
67 77
161 85
32 75
109 18
5 38
31 53
58 16
157 80
158 64
153 79
98 14
121 62
171 72
16 44
131 66
178 96
34 97
101 54
92 87
105 95
65 90
31 8
20 27
61 92
156 34
166 51
112 97
23 95
52 1
55 40
51 85
53 87
63 29
100 86
2 99
53 72
120 78
5 24
89 29
112 76
157 55
41 57
11 64
76 27
36 9
58 43
143 73
78 32
164 85
26 62
36 19
88 10
18 86
73 80
168 77
71 75
12 14
172 51
78 9
35 83
105 25
33 72
171 48
34 90
117 69
30 34
150 17
9 40
101 75
12 76
58 53
172 17
85 56
37 35
155 16
29 20
32 92
179 14
25 46
11 98
15 41
38 30
154 102
11 36
8 8
25 27
54 82
82 19
63 81
157 38
6 15
129 92
102 18
154 50
42 104
132 1
121 61
67 28
177 61
133 91
115 19
36 65
89 7
135 9
117 84
90 80
87 20
158 7
131 70
169 31
62 98
179 98
135 99
12 103
86 26
45 36
19 32
53 65
162 28
87 79
160 67
9 10
178 21
150 23
134 97
178 18
101 95
120 26
88 73
80 59
104 62
174 99
172 81
68 37
18 71
155 82
53 86
180 97
69 52
135 68
96 3
2 67
28 88
83 67
118 67
27 46
140 63
106 37
124 79
58 72
95 53
50 101
14 47
76 2
159 26
11 102
70 15
158 9
73 89
108 28
176 11
103 95
19 77
60 63
18 96
3 100
151 3
117 64
143 2
10 14
2 89
38 48
168 64
66 21
68 35
9 104
52 48
42 64
115 45
149 11
71 62
123 10
155 80
35 27
128 86
160 22
61 4
176 9
33 25
96 74
29 74
133 54
41 83
92 1
93 92
116 67
19 82
33 30
153 26
132 34
49 87
152 24
24 85
77 73
111 29
12 87
79 33
5 57
107 18
3 15
152 87
49 40
65 10
11 63
11 4
79 83
41 24
76 26
177 65
174 94
176 39
51 101
159 63
128 52
96 63
100 8
156 103
38 65
37 97
146 47
13 93
123 20
28 62
171 42
51 99
97 50
178 27
61 6
127 98
90 89
176 59
30 51
119 1
31 1
132 42
67 24
167 46
38 27
107 85
10 71
161 45
4 92
138 84
79 85
33 14
18 27
88 52
72 74
130 96
73 18
152 9
150 51
124 89
59 7
74 92
178 20
33 32
85 47
66 55
42 60
101 48
146 42
168 19
141 30
61 51
156 53
35 35
172 6
64 36
5 42
41 41
131 16
1 91
118 92
150 42
118 22
88 50
26 22
178 38
159 8
66 54
92 33
84 65
19 19
169 12
16 19
6 91
170 5
176 23
91 81
29 43
51 55
145 19
160 73
87 2
171 16
63 43
2 96
120 80
52 98
71 27
84 52
156 37
35 70
131 3
5 97
71 73
52 95
174 2
82 90
108 75
34 35
167 76
111 17
27 4
69 72
137 9
97 75
122 47
169 33
146 80
168 47
52 101
140 11
73 84
176 56
121 97
30 72
59 85
43 56
132 2
40 92
22 83
149 17
150 78
130 44
69 43
76 64
154 44
7 24
14 43
97 72
51 68
74 1
52 5
5 22
165 103
137 7
96 26
160 86
52 85
163 6
142 97
40 36
36 104
17 65
86 57
135 38
4 45
132 20
5 14
111 64
23 60
43 40
14 83
84 63
5 4
83 96
143 48
57 69
130 84
103 73
81 1
38 29
76 56
71 80
40 26
90 61
122 102
24 94
119 19
31 80
44 78
53 78
78 46
60 81
119 97
54 68
156 27
85 9
79 16
166 4
176 28
58 33
34 34
50 84
76 66
162 16
132 72
48 31
37 89
109 37
51 34
107 55
45 4
25 84
144 2
5 70
121 103
111 71
19 83
98 102
99 12
5 33
135 75
1 85
161 78
98 46
91 52
29 19
166 6
125 78
82 100
137 3
18 29
72 63
134 32
153 96
142 3
84 74
71 92
17 86
24 98
50 10
116 98
47 94
130 32
100 32
35 22
169 65
32 58
57 38
29 42
42 51
65 13
169 23
18 87
33 87
167 59
40 48
85 26
87 68
162 83
88 76
145 60
21 1
75 99
100 11
39 45
40 28
158 81
155 35
75 53
157 25
154 75
135 28
163 84
96 44
81 42
113 104
131 2
49 36
59 101
9 37
22 55
70 103
95 15
79 13
73 7
180 75
124 15
166 45
115 51
152 99
175 19
38 96
114 18
110 22
94 21
131 72
16 69
110 4
85 17
153 87
169 29
25 28
112 75
101 65
64 72
40 17
78 48
31 103
64 48
52 10
52 68
154 4
41 103
171 58
131 49
153 25
146 44
158 33
10 48
170 69
54 77
28 99
57 13
170 43
68 45
117 29
81 63
124 4
8 5
153 73
20 99
59 15
23 68
72 97
86 44
1 19
134 25
140 49
164 86
148 77
157 9
163 94
108 25
77 52
143 6
91 28
110 14
176 29
92 16
89 24
20 3
13 80
63 22
125 65
53 29
132 67
65 21
164 80
177 46
85 91
124 49
155 68
40 42
44 44
6 35
150 75
171 78
6 46
86 84
7 32
170 37
130 46
4 91
158 14
115 56
52 26
127 43
124 61
79 52
180 85
11 62
144 26
4 41
111 81
7 72
134 100
85 42
6 32
13 84
134 11
10 53
6 12
100 87
98 57
171 97
142 53
116 66
109 55
74 77
24 17
87 26
153 37
91 32
88 60
108 88
179 46
165 93
2 81
171 26
128 64
140 101
117 57
17 31
113 97
50 75
17 58
74 35
18 67
25 49
35 88
87 13
29 16
11 72
170 94
33 16
4 59
144 86
76 29
22 51
73 46
37 49
103 14
62 77
94 19
162 85
74 18
25 16
107 20
104 102
10 86
152 102
16 42
111 75
64 91
37 26
176 17
28 48
23 54
177 40
87 59
113 15
25 15
154 86
167 18
28 65
20 44
3 93
143 66
79 75
179 51
159 15
92 67
81 75
152 29
11 56
27 55
176 6
157 92
130 97
175 29
4 30
108 59
152 81
171 101
150 100
31 33
169 7
137 22
3 58
44 3
5 5
52 72
6 67
95 68
160 37
99 63
32 31
41 47
59 45
142 93
62 48
58 70
139 18
77 51
51 16
158 83
67 2
103 54
174 4
110 86
4 1
164 34
22 69
137 36
35 84
22 97
69 53
174 1
57 50
81 101
177 4
179 38
180 58
144 19
16 71
88 53
79 88
131 10
88 44
36 7
44 71
93 46
176 78
64 25
103 15
124 62
176 99
131 82
15 80
170 19
117 24
175 3
25 26
123 103
144 74
169 49
124 68
90 47
52 90
127 13
95 83
67 100
165 85
116 86
17 59
68 79
21 48
17 46
98 50
90 78
84 33
2 59
160 46
21 42
103 103
59 51
169 93
31 26
66 80
66 52
145 73
126 47
101 103
120 86
152 2
44 27
9 96
159 40
97 88
79 9
121 30
35 48
48 63
88 55
60 66
66 23
8 58
71 99
67 12
10 29
169 82
92 47
102 48
73 3
154 51
45 16
16 60
6 54
36 2
124 103
151 39
127 60
36 17
63 52
94 11
132 89
77 68
3 98
129 71
74 14
74 102
153 51
168 72
14 13
109 90
161 35
93 25
44 50
138 19
24 20
108 16
11 103
9 48
179 84
143 78
36 11
160 39
119 38
138 10
38 79
55 64
17 102
122 42
112 19
90 49
27 79
162 101
44 37
39 69
106 18
31 9
31 70
86 47
31 93
102 59
139 62
157 65
170 88
52 45
172 45
61 71
77 44
121 59
34 53
136 103
41 6
29 55
152 38
36 60
175 53
59 103
39 90
153 98
162 26
175 87
137 90
35 28
151 99
51 98
144 51
150 94
40 6
117 23
71 79
71 9
69 2
79 59
133 26
44 79
64 34
58 5
43 66
20 54
80 78
142 41
124 11
4 74
107 14
16 37
95 100
13 45
164 6
163 104
74 94
91 27
87 32
46 48
44 11
79 22
145 33
14 36
15 94
2 29
19 23
158 84
45 47
179 31
26 52
142 28
177 71
47 92
147 26
156 69
11 16
161 88
121 26
16 92
15 29
158 30
57 87
65 28
161 100
119 35
113 57
145 66
97 37
24 104
1 50
139 86
133 35
109 3
60 88
146 51
177 29
73 102
79 66
52 53
21 80
119 32
9 76
92 95
171 5
158 27
130 74
105 22
145 52
68 84
137 81
164 46
44 87
46 43
154 12
77 25
25 20
25 77
12 93
158 38
156 35
146 56
75 1
179 79
118 55
141 26
107 50
141 64
17 97
174 49
21 79
172 13
123 99
62 91
50 28
114 49
156 20
2 27
71 3
157 49
3 34
147 16
151 91
81 85
38 11
147 82
172 83
111 101
95 65
28 84
155 93
127 25
17 68
82 8
9 80
145 11
100 80
48 16
149 97
124 19
144 55
15 74
77 18
143 20
21 62
102 31
108 33
121 83
155 42
46 82
159 76
45 11
75 74
146 10
146 14
2 97
117 45
118 36
98 13
118 77
117 39
177 64
12 59
156 67
169 2
32 15
70 53
136 31
13 53
114 48
12 100
142 47
26 76
180 51
30 11
48 84
16 76
113 31
70 35
101 40
92 71
84 62
128 36
39 59
117 59
161 7
18 25
6 10
117 17
139 32
108 80
4 96
153 104
96 86
109 95
165 54
161 65
102 30
175 59
178 8
137 79
87 12
125 41
137 6
21 33
46 83
137 25
94 103
167 101
158 15
99 104
176 98
12 38
58 48
158 99
122 30
37 18
136 7
152 92
26 74
92 100
146 93
70 91
10 102
89 63
43 25
7 30
35 67
123 24
42 43
123 82
40 104
92 73
38 54
98 81
82 59
141 9
104 20
67 31
148 90
131 84
81 32
141 61
119 2
172 26
104 48
136 41
55 96
156 40
125 94
113 2
125 92
154 24
5 26
4 69
68 42
51 61
77 6
111 89
100 66
92 34
20 9
178 46
78 88
158 37
141 84
146 8
55 34
155 99
29 53
108 70
12 45
120 90
173 14
109 52
138 8
152 21
167 56
151 94
104 88
23 75
82 40
22 57
154 39
54 83
83 28
149 28
69 12
130 93
161 44
61 30
54 32
118 72
68 92
35 23
134 18
20 98
113 87
165 8
174 79
143 76
55 79
164 17
83 27
9 73
26 41
47 38
115 60
99 16
6 45
153 81
123 73
9 63
164 64
35 33
45 33
107 26
180 17
72 31
141 71
129 16
142 102
170 31
153 54
167 103
93 104
32 85
116 71
159 84
48 77
136 6
19 81
178 70
67 103
124 16
32 53
61 98
122 70
46 62
94 54
10 82
33 84
10 51
142 88
7 100
78 60
169 74
166 67
93 55
59 21
151 78
109 33
108 24
90 72
37 55
3 41
96 59
53 44
93 96
145 27
103 32
118 78
97 58
51 4
74 23
57 65
80 12
57 84
146 89
98 48
146 12
16 55
91 47
67 10
32 87
95 1
33 48
15 34
82 83
109 57
170 90
143 41
136 96
180 46
103 22
12 69
104 12
176 87
22 99
68 38
142 60
155 88
14 74
56 54
107 75
131 62
1 56
114 74
84 40
116 27
141 90
14 48
164 75
12 11
104 51
72 6
107 57
146 53
113 58
154 66
70 25
124 48
106 22
69 42
45 24
33 34
103 13
12 47
164 69
77 64
25 82
166 86
15 1
146 34
50 23
26 88
24 33
140 54
110 54
106 43
36 78
69 93
7 13
3 67
3 14
16 86
20 32
6 78
166 36
169 39
145 36
5 51
15 38
129 37
47 58
51 51
2 14
11 26
8 94
26 44
130 71
35 37
11 34
26 9
55 63
31 63
154 55
178 91
50 12
152 55
12 25
24 45
130 29
63 71
145 103
154 76
153 6
119 74
69 76
4 20
149 6
44 63
164 45
56 95
150 83
9 31
104 7
157 30
150 104
122 59
64 63
91 3
38 9
83 14
87 44
171 11
44 34
8 68
54 36
7 93
57 30
112 78
130 52
32 3
177 17
33 8
63 70
178 75
12 77
112 11
93 21
40 93
10 62
175 64
153 75
10 43
117 83
119 15
19 7
93 69
176 84
43 13
37 104
109 101
48 64
24 49
37 6
22 46
12 75
20 20
38 32
87 67
49 62
5 27
179 9
103 52
34 99
134 33
118 3
124 5
131 75
158 17
139 79
76 22
95 71
125 53
46 3
29 57
115 98
33 33
50 58
19 96
77 72
95 97
139 83
71 41
38 97
82 64
157 27
67 22
113 70
101 19
113 41
83 80
137 77
75 8
153 49
38 80
150 13
6 48
28 67
94 77
86 104
142 64
14 8
171 94
89 74
12 82
113 4
99 11
127 99
42 45
53 81
152 104
133 33
93 24
141 57
163 72
141 51
141 28
87 24
47 20
52 75
99 9
31 52
57 14
126 22
128 80
22 25
3 12
148 65
51 82
69 33
171 3
107 42
13 14
82 94
98 87
101 42
42 57
64 14
179 67
164 102
164 16
142 78
69 63
145 65
46 79
102 11
47 26
97 70
16 22
77 8
1 62
26 78
113 18
97 35
135 7
132 90
7 26
40 2
169 81
102 29
15 83
27 74
30 38
20 56
62 36
169 62
107 25
107 93
144 60
112 32
17 21
65 99
154 84
143 90
131 80
86 21
161 73
123 46
105 52
107 64
53 68
149 92
119 48
140 86
53 10
18 55
40 18
82 39
13 99
118 57
149 104
133 102
66 14
140 58
127 65
120 2
74 17
63 7
71 2
120 72
23 84
109 46
82 102
58 44
116 88
18 68
117 78
69 5
167 43
156 50
73 9
134 78
83 75
100 58
96 9
20 52
176 85
64 79
86 46
86 99
173 60
143 80
40 7
41 60
161 27
145 45
84 9
50 86
117 28
55 42
52 44
119 41
125 85
134 85
78 30
5 93
82 75
38 18
158 20
35 69
27 62
138 1
86 67
10 3
20 12
59 95
100 89
79 80
122 4
80 23
96 22
85 33
9 72
135 45
44 75
155 79
119 50
111 40
41 67
129 33
3 60
112 23
40 54
35 57
119 24
136 21
135 30
127 7
59 58
142 25
104 49
95 75
166 62
88 61
102 94
108 56
130 12
59 82
26 42
142 94
114 38
30 76
160 11
134 5
46 71
151 104
142 16
109 66
163 66
116 80
47 89
25 92
114 80
35 92
53 5
106 30
7 68
91 9
159 14
156 70
30 53
42 98
8 62
2 55
18 74
123 67
46 13
51 9
162 5
132 60
71 32
100 22
65 36
40 59
96 67
13 54
58 73
136 48
19 16
64 75
140 88
68 70
67 92
64 46
74 59
62 50
53 95
171 46
1 103
96 100
52 12
83 47
69 89
84 85
40 57
92 57
64 22
127 71
28 11
96 80
77 43
6 47
129 30
169 37
139 69
136 26
166 102
54 94
50 91
71 53
142 27
13 67
113 101
148 94
80 81
98 24
70 87
7 104
6 55
95 37
62 55
162 104
151 17
31 98
153 101
139 16
72 38
153 8
130 28
15 56
165 9
146 45
160 7
30 10
54 75
174 100
59 14
133 99
18 31
151 58
120 48
170 68
69 10
159 12
92 59
73 72
127 87
130 62
17 30
161 54
166 38
105 34
123 27
25 90
167 83
80 3
6 81
95 28
167 26
142 15
65 61
99 17
126 67
147 50
36 30
50 26
82 34
115 79
46 20
27 23
102 20
124 8
27 40
125 43
15 27
81 59
120 18
130 36
169 102
64 45
69 15
117 35
135 40
75 77
45 30
120 94
103 82
30 17
29 4
180 42
2 73
177 9
111 86
111 37
110 27
139 64
47 18
136 19
60 67
180 74
84 101
11 58
86 39
92 65
154 15
52 24
131 37
149 24
87 42
156 15
145 1
4 34
135 11
129 81
152 41
41 71
42 92
33 3
100 71
41 70
171 86
101 76
170 25
70 76
180 60
129 46
76 36
87 3
98 38
57 16
60 76
124 17
57 7
17 80
43 101
158 31
73 93
134 6
96 15
148 3
41 74
14 44
158 54
47 42
40 65
138 43
11 66
96 60
178 32
37 39
166 63
4 53
165 14
49 104
164 42
38 88
155 45
57 10
67 89
22 76
112 81
25 47
60 29
151 103
10 22
141 52
32 102
92 6
24 90
130 90
85 45
165 59
152 37
65 72
175 28
20 51
157 102
163 96
111 88
120 28
2 9
117 73
46 11
5 74
10 75
66 18
89 28
85 97
63 58
97 89
122 1
54 66
105 2
103 99
98 100
34 31
87 50
132 57
31 42
139 58
40 41
91 74
79 102
83 92
114 83
83 7
83 74
147 55
47 47
51 53
41 27
72 20
158 18
68 61
21 9
84 3
122 67
150 24
140 35
50 69
39 44
122 13
88 64
6 38
47 34
156 1
68 24
12 79
42 97
121 32
83 79
172 89
94 44
44 31
156 86
2 44
146 15
134 96
35 41
32 63
91 43
42 48
5 91
165 60
11 97
117 25
169 100
122 88
168 74
136 36
127 36
106 36
67 32
130 2
54 33
57 42
165 55
100 27
170 40
30 47
80 33
173 4
154 83
75 14
96 30
55 3
6 84
1 46
64 15
40 85
68 81
109 1
77 87
106 66
100 26
25 14
43 62
128 82
151 79
14 38
111 55
11 65
112 18
121 91
123 58
86 52
23 9
89 9
29 99
151 64
17 63
6 40
159 88
88 69
56 63
167 8
70 37
28 13
35 46
134 54
172 85
36 35
89 5
84 76
2 68
20 59
110 63
171 15
81 52
36 22
135 48
108 9
6 33
93 101
103 23
37 31
2 49
142 73
144 3
122 20
56 94
1 79
29 82
44 56
44 100
154 60
56 32
74 72
99 40
13 102
34 89
115 12
48 26
34 88
73 12
22 21
107 27
70 23
138 79
78 44
139 77
81 67
126 48
52 33
175 49
98 77
87 27
61 3
114 15
152 31
109 28
171 29
39 67
110 21
86 49
149 91
73 8
76 39
33 41
173 24
30 44
163 42
128 95
104 66
165 10
164 87
120 42
171 102
123 29
170 59
16 59
120 69
100 104
126 12
56 56
150 52
59 86
163 52
48 8
177 14
108 46
39 86
102 1
158 92
125 35
8 1
45 103
43 64
119 11
104 46
123 56
145 98
75 29
156 30
59 54
114 88
111 73
118 75
36 79
49 30
51 42
70 72
97 38
54 62
27 76
39 56
81 25
82 67
140 82
152 3
177 88
102 66
165 101
113 77
46 76
126 9
31 78
130 70
62 96
130 23
18 76
125 42
85 21
54 80
124 1
113 74
101 74
76 63
47 93
97 2
69 60
60 47
162 97
113 43
7 98
158 49
64 32
140 98
39 77
154 81
134 36
66 41
60 80
156 77
104 1
56 100
18 61
145 82
64 13
2 75
109 98
62 65
139 34
63 49
65 6
64 12
128 18
56 40
51 72
2 79
82 73
143 28
135 8
11 71
125 17
5 1
47 83
39 82
36 96
80 62
54 9
157 79
77 24
7 95
107 95
67 96
91 2
107 84
70 3
175 7
169 90
4 81
179 88
104 24
126 23
83 76
99 3
140 1
62 17
17 15
145 81
48 61
137 87
136 24
121 20
178 55
158 56
90 83
102 8
39 60
116 30
19 72
88 88
173 56
161 92
148 15
146 57
163 32
96 54
36 87
165 32
90 20
99 94
167 57
31 38
167 52
133 59
69 39
136 91
70 38
143 38
137 98
90 44
178 64
52 37
144 104
71 74
92 10
172 82
120 93
150 70
157 69
132 55
134 104
179 99
68 48
120 5
56 49
110 89
11 17
48 86
11 7
167 33
135 54
55 78
99 69
45 88
138 62
1 21
108 54
146 38
132 46
81 12
86 96
113 67
95 22
66 78
41 104
24 68
21 38
179 33
163 71
147 84
29 37
126 62
17 77
84 75
6 58
107 37
61 70
109 82
41 5
54 88
14 32
120 100
137 96
72 41
54 27
45 65
29 41
63 66
158 51
142 2
137 37
42 41
56 30
165 12
132 104
180 2
77 74
4 73
162 71
156 31
83 83
62 73
176 26
163 21
96 17
72 62
77 75
68 60
165 37
119 75
74 89
87 15
60 56
48 92
106 53
111 3
12 67
59 84
120 66
19 80
169 87
78 1
72 103
70 36
5 86
74 74
131 24
82 33
48 38
55 16
5 82
32 13
37 19
11 1
125 88
144 93
31 100
149 72
83 18
57 79
73 22
73 35
37 70
117 99
133 40
28 8
18 37
129 27
95 101
14 10
18 42
114 69
130 22
153 11
71 7
7 42
22 22
11 6
135 90
149 95
178 15
116 79
65 66
31 47
173 88
102 25
151 33
161 43
15 68
177 30
116 77
150 29
134 91
26 20
48 72
120 74
139 91
94 73
127 77
42 42
43 67
89 62
98 30
41 101
116 62
81 11
121 73
35 62
58 94
151 84
77 100
74 28
14 26
80 89
89 13
76 1
65 78
27 86
156 26
84 27
17 89
150 21
8 84
6 37
154 2
141 10
8 89
8 6
140 16
156 104
60 53
75 20
148 58
91 64
178 59
119 51
94 95
177 78
157 76
159 30
175 71
95 86
28 90
71 16
163 47
105 43
109 2
136 84
76 20
44 48
63 51
104 15
154 53
22 36
27 85
4 61
29 46
49 25
157 86
63 65
180 50
149 85
71 88
122 10
8 66
76 17
170 38
34 60
48 59
65 23
152 68
114 32
130 63
141 67
102 57
27 27
56 47
153 14
35 54
141 49
99 103
170 21
142 38
107 54
154 49
180 47
60 38
133 29
74 86
34 65
109 10
53 33
22 79
8 7
110 16
102 22
19 60
107 79
110 40
66 70
92 94
28 3
110 73
157 95
128 73
46 33
6 80
110 20
180 5
5 96
126 41
77 36
75 61
177 75
121 90
96 47
39 84
104 79
132 76
153 70
58 29
11 91
32 39
35 60
22 103
5 103
176 93
141 14
75 65
46 41
92 84
115 11
25 64
176 62
21 100
54 95
19 98
131 57
129 87
135 63
74 16
156 83
148 6
41 84
39 96
69 78
140 89
174 91
28 63
25 99
60 92
61 41
101 72
35 50
35 102
145 102
43 86
154 61
4 17
150 47
72 14
24 74
41 1
58 86
50 43
19 84
155 65
152 100
148 81
144 89
150 98
91 61
172 25
106 61
140 7
117 104
122 16
90 63
151 26
176 79
69 82
41 12
129 89
109 32
2 21
22 92
44 58
47 14
176 51
144 53
30 56
164 82
28 80
89 27
154 10
10 89
131 48
112 48
72 4
1 81
114 42
111 69
11 37
113 27
39 68
3 20
169 6
32 52
92 25
93 93
176 52
67 56
56 37
62 4
67 73
174 87
55 80
3 35
28 40
158 48
108 36
155 89
147 88
178 30
76 97
90 3
86 55
87 94
143 65
43 16
118 20
107 44
176 46
24 14
31 30
144 85
70 84
159 70
138 28
119 17
117 12
169 32
112 74
135 93
80 67
4 49
84 66
164 15
92 75
16 34
20 31
41 58
56 57
136 56
109 56
46 80
120 81
43 8
75 97
141 54
176 5
161 61
45 28
4 42
7 94
123 7
57 52
142 70
96 1
142 99
94 84
131 20
124 75
86 23
178 44
52 9
67 95
177 13
176 10
9 6
140 104
29 14
143 42
120 22
162 87
155 56
115 54
28 5
20 97
101 2
44 49
115 63
47 98
84 21
104 56
66 92
120 64
101 12
63 47
42 74
41 15
101 63
38 100
91 86
141 60
51 65
7 66
143 44
145 12
144 66
156 71
7 1
66 42
143 49
147 69
29 62
129 63
99 18
96 43
97 82
26 70
63 50
46 37
132 37
72 100
2 1
29 97
65 56
50 39
116 95
138 9
82 44
69 74
114 23
54 4
122 97
87 76
32 46
154 34
56 74
39 94
12 89
88 28
30 60
171 39
95 61
140 75
76 40
104 76
46 86
169 3
105 80
168 59
32 88
136 76
127 57
17 38
53 55
166 59
45 71
60 13
74 26
8 36
38 101
5 10
79 71
54 13
170 53
121 15
79 49
135 4
16 7
166 87
179 68
16 20
6 21
40 11
146 33
58 28
90 82
6 66
80 101
155 60
42 94
104 89
142 1
161 68
170 44
79 70
120 92
21 30
146 101
60 36
44 99
112 12
74 7
67 54
12 83
61 7
72 78
3 2
57 100
157 77
32 69
44 61
117 19
5 43
153 40
53 41
178 58
167 6
136 104
155 4
60 26
34 47
126 49
27 26
28 59
139 41
174 6
107 11
32 93
167 30
102 98
73 58
148 17
100 85
160 58
23 11
177 22
140 57
130 65
13 18
172 4
155 15
5 7
90 95
53 21
172 72
151 70
108 53
2 42
87 18
36 91
145 101
51 3
32 28
152 56
67 51
122 33
61 25
58 56
115 4
157 39
94 91
137 46
135 84
138 57
62 53
16 28
125 61
5 36
121 102
115 74
31 41
28 71
143 74
12 30
150 50
162 12
7 35
136 39
70 68
14 82
71 19
171 90
153 97
70 39
122 93
97 83
100 97
2 76
150 62
49 26
99 98
174 11
137 51
162 37
45 75
162 19
49 66
32 16
61 87
109 15
61 49
94 35
108 96
44 45
22 60
63 39
164 48
149 55
154 27
129 13
11 32
64 90
175 72
177 103
43 48
166 54
70 66
180 79
119 66
154 30
129 86
179 32
55 87
28 93
69 62
156 64
17 104
38 36
151 22
81 71
112 102
56 16
108 83
169 34
56 38
173 104
103 91
136 90
125 86
137 71
106 81
4 46
6 69
142 76
64 99
138 68
179 66
39 88
55 84
129 14
160 4
174 96
62 2
45 82
5 102
167 95
63 32
172 87
80 6
101 34
148 103
124 57
40 58
63 67
105 70
88 33
106 5
166 56
46 30
43 12
52 96
68 83
14 34
156 92
85 16
51 70
86 64
40 5
23 94
133 84
173 76
54 64
97 71
38 71
34 86
128 59
52 73
73 70
152 22
170 66
157 24
109 23
21 78
37 37
53 20
158 95
90 81
134 90
87 99
180 98
127 56
176 32
53 22
60 22
103 86
6 13
58 75
107 5
108 89
50 83
9 67
160 31
75 102
147 3
99 67
115 85
150 59
37 74
155 12
1 75
62 47
86 20
104 77
51 31
100 98
150 44
47 22
34 95
52 80
54 40
140 65
141 4
145 24
48 18
152 80
39 95
79 1
19 13
13 12
49 8
82 79
5 99
49 54
84 102
103 1
128 91
108 60
57 15
51 25
65 7
30 2
3 10
118 9
112 54
52 99
61 95
157 52
41 22
177 16
44 15
35 25
22 87
41 45
113 29
83 81
16 38
114 86
177 94
6 4
77 33
34 21
35 30
47 96
34 32
21 3
85 3
39 61
32 4
134 44
104 95
164 28
100 51
74 76
32 21
94 38
10 61
137 41
9 94
166 88
169 44
100 60
91 95
174 81
21 84
173 57
115 62
53 25
155 53
172 37
162 49
26 35
100 42
72 22
17 61
91 103
34 98
58 82
41 39
9 91
155 70
174 43
92 72
122 84
164 50
105 72
111 21
119 92
49 52
15 15
179 96
123 83
5 9
93 31
92 30
154 99
21 73
141 34
58 76
7 55
99 92
146 64
67 87
21 67
94 26
68 9
31 4
160 102
147 83
114 56
18 39
9 93
123 68
15 33
115 10
137 50
88 22
170 9
102 90
50 48
85 5
81 14
149 56
163 102
116 20
163 68
56 20
104 50
105 83
166 23
148 39
147 18
112 14
130 7
131 77
73 23
53 62
105 99
116 9
34 50
40 51
22 93
179 73
34 67
2 71
91 21
20 102
34 84
27 92
74 99
126 98
25 10
128 45
107 92
170 58
62 7
71 39
15 61
167 11
80 73
178 103
78 78
83 87
22 34
50 30
129 47
52 36
82 4
147 101
161 72
176 57
71 22
62 34
148 45
9 32
118 60
108 85
170 57
142 100
166 103
103 50
91 67
26 17
131 41
12 68
4 78
45 37
89 98
167 22
150 18
83 101
77 53
8 23
107 97
37 43
152 34
43 11
38 59
12 56
62 66
180 82
103 17
119 64
18 75
30 94
169 28
19 50
94 104
81 26
76 48
70 24
6 60
32 51
107 23
121 41
157 17
151 34
171 62
162 81
158 1
67 86
5 67
109 53
25 51
16 8
161 90
53 60
45 97
10 65
76 7
32 84
34 14
85 103
170 71
107 4
57 83
145 55
96 8
59 60
24 42
9 64
158 6
160 21
126 97
73 2
59 8
47 69
79 93
28 83
163 8
150 36
99 34
3 27
147 27
41 43
94 9
114 21
80 88
11 93
34 48
97 3
147 5
82 5
47 85
101 44
178 41
64 89
94 80
49 32
25 38
163 44
141 70
54 74
169 21
46 78
96 21
14 33
49 65
15 88
176 53
25 8
102 80
152 30
155 21
135 82
139 47
33 29
156 81
152 16
37 13
62 63
108 66
78 84
151 51
58 41
129 43
6 103
98 43
127 34
132 103
101 51
173 31
61 2
111 7
44 9
62 21
63 12
77 85
98 34
145 62
36 85
165 29
45 62
88 101
157 54
55 62
168 38
69 27
118 33
52 79
17 44
77 102
117 61
23 18
132 75
62 56
14 18
87 72
62 95
131 103
128 62
114 78
22 16
3 57
116 17
11 8
154 54
114 20
24 82
152 12
44 104
176 1
89 104
79 91
42 91
134 76
20 35
109 51
55 68
70 65
167 13
84 51
31 64
75 45
162 88
108 7
162 61
15 59
103 69
11 23
134 35
160 3
58 98
59 49
132 44
100 59
126 13
138 55
113 60
138 21
59 16
26 58
88 103
152 61
154 100
111 84
28 46
32 73
45 32
37 96
131 81
180 45
163 20
151 25
174 83
145 68
101 49
21 101
16 45
75 24
55 36
165 51
167 88
139 29
129 31
148 7
144 92
31 101
125 7
36 54
80 24
72 98
129 99
158 86
71 11
1 76
13 64
151 63
54 1
24 18
41 18
67 46
85 41
13 76
149 22
25 101
126 21
15 18
155 54
117 26
31 85
126 14
148 30
103 28
3 50
23 83
80 52
111 46
30 4
48 5
28 2
36 6
175 36
21 92
119 88
42 89
68 52
125 98
180 73
177 104
79 97
79 47
120 14
5 2
24 103
106 46
147 53
44 17
38 41
116 70
95 27
80 21
128 70
147 8
23 78
61 84
68 6
133 44
133 81
86 89
21 27
161 36
76 90
20 58
148 101
44 26
86 1
52 25
106 97
135 79
109 92
164 70
125 33
48 103
61 67
173 92
171 28
123 1
132 8
83 89
49 23
161 3
172 104
93 23
89 33
113 94
10 99
85 61
174 62
89 44
20 18
42 15
165 7
83 13
142 75
168 78
2 11
106 102
166 43
22 104
57 32
72 42
171 24
60 2
126 3
112 2
19 49
95 74
87 73
16 75
96 68
65 95
28 66
139 52
1 45
24 81
94 100
18 83
50 55
100 77
81 10
35 100
129 40
143 14
42 52
45 35
58 89
130 73
2 65
164 60
10 5
41 90
8 9
13 29
28 72
69 14
108 63
42 80
68 95
23 19
164 5
25 42
46 63
158 57
177 92
22 17
68 54
163 46
76 77
81 103
94 42
13 56
94 43
164 7
145 39
164 100
129 72
130 89
37 41
151 96
75 44
171 41
89 30
164 65
19 15
169 59
60 34
6 98
43 87
36 15
116 26
126 27
33 36
47 24
161 42
170 15
131 67
51 88
39 99
39 55
86 36
98 20
67 85
77 16
109 72
97 104
89 57
39 64
105 23
70 47
94 40
87 51
57 28
18 43
139 95
117 4
108 38
162 72
23 53
115 73
176 49
175 47
67 64
88 66
68 77
6 36
9 58
8 12
100 81
44 35
75 50
157 82
74 8
102 42
180 67
28 57
116 38
82 88
63 97
38 104
62 89
19 6
162 7
169 71
72 48
107 66
89 43
86 2
42 96
170 62
165 81
72 15
156 99
140 37
103 61
95 80
6 28
23 29
141 44
79 3
98 21
125 6
144 20
167 82
31 10
79 89
103 45
82 98
58 91
100 9
115 55
20 19
14 40
116 99
135 103
173 29
98 37
81 35
71 23
9 88
35 13
95 81
9 11
27 78
9 55
88 8
9 70
89 45
60 31
117 52
38 61
78 90
176 91
37 8
50 102
150 14
75 80
55 92
115 5
53 64
74 73
112 65
85 79
15 55
112 53
140 96
21 31
39 29
16 100
168 61
118 13
123 96
54 79
76 32
46 45
161 13
9 65
66 27
75 70
63 59
119 43
78 11
3 31
123 79
120 6
41 65
22 94
154 72
27 39
50 78
126 99
68 97
86 43
132 10
95 79
55 44
128 17
101 100
171 56
100 82
54 16
72 94
36 29
62 24
105 42
106 29
173 69
163 99
45 12
123 98
176 77
140 38
97 46
71 46
174 20
133 20
27 12
101 7
137 30
27 19
3 45
92 78
127 28
14 53
133 98
61 17
133 50
113 9
81 44
157 28
148 1
143 67
108 58
35 20
101 97
154 98
102 6
111 35
7 38
43 80
90 73
96 57
94 70
158 35
56 29
149 93
49 37
56 42
16 83
48 40
64 31
127 54
11 10
28 47
23 42
38 7
53 15
120 11
57 75
99 48
167 96
37 24
36 74
10 38
37 66
152 46
46 89
65 102
117 22
42 5
146 54
178 37
96 50
67 38
7 51
96 99
49 78
50 94
178 4
39 65
53 90
60 64
66 95
100 15
81 81
104 30
142 21
53 76
91 46
58 7
77 1
57 53
76 54
61 90
114 71
50 59
153 47
36 37
84 2
152 28
63 26
82 96
156 94
90 6
131 85
86 10
116 24
12 60
74 39
143 16
117 101
55 38
3 75
80 76
53 26
145 71
83 70
9 23
1 87
132 13
90 38
134 103
117 95
171 21
49 21
87 10
45 58
93 98
12 74
23 41
69 80
161 20
73 34
17 19
85 44
109 5
145 10
110 80
130 11
156 79
121 8
137 44
114 46
106 78
173 85
50 89
50 40
99 15
145 44
75 58
93 79
10 17
50 38
77 41
112 34
169 78
46 75
30 58
43 6
114 89
122 3
34 101
24 57
126 91
177 38
31 81
34 33
116 103
168 85
91 50
129 77
113 80
53 88
52 94
111 13
33 98
95 87
32 44
76 37
55 75
113 81
42 30
164 57
57 17
55 21
80 80
143 92
32 35
122 77
170 48
106 58
63 90
120 45
116 47
8 18
22 1
86 54
44 42
34 57
7 82
85 46
103 84
8 38
79 2
53 84
93 16
23 80
30 6
132 93
33 58
159 77
80 65
163 77
121 38
147 103
60 14
165 20
42 39
110 56
23 62
163 73
103 66
85 14
45 22
123 2
147 42
24 84
62 68
65 59
138 82
155 66
113 25
94 25
150 63
66 50
163 76
131 35
86 71
26 23
64 26
5 79
30 46
49 77
71 1
154 23
131 36
24 53
62 25
107 74
117 31
104 33
83 91
66 68
98 82
102 15
3 79
14 90
40 40
32 57
170 79
168 71
169 36
132 56
125 22
165 73
103 38
174 32
61 94
162 1
30 78
98 35
118 44
174 48
28 14
147 49
130 98
76 69
174 45
169 56
90 29
169 98
38 26
81 98
61 13
19 14
118 38
61 80
25 80
58 36
34 23
133 10
161 12
12 24
41 51
146 21
138 27
117 90
65 9
80 29
74 81
48 89
43 103
147 9
87 71
72 17
111 51
27 84
148 66
33 39
133 94
108 19
7 12
81 40
25 22
163 65
84 31
117 77
90 99
90 102
71 21
175 95
84 47
57 94
160 6
130 72
150 31
174 21
159 65
96 101
129 88
20 79
118 54
160 75
160 23
27 66
121 56
98 33
115 93
60 37
74 11
127 45
78 5
66 73
76 70
57 4
13 88
9 100
14 103
68 2
153 99
19 95
168 62
134 16
149 46
133 6
50 97
126 96
151 72
15 66
92 18
147 86
174 29
129 66
141 86
30 22
161 96
136 67
51 40
93 51
158 19
90 70
13 42
134 22
73 100
63 60
167 27
98 39
92 50
151 35
170 86
145 8
178 95
178 29
141 47
140 85
150 27
6 2
36 32
66 36
27 24
100 13
126 74
18 19
105 91
51 32
164 98
7 15
19 102
50 37
112 44
140 70
102 97
118 41
37 20
46 7
131 104
19 45
59 3
98 5
125 62
43 90
76 71
17 42
105 26
18 13
52 8
152 50
72 19
180 49
55 74
116 12
37 87
106 94
71 33
121 54
163 27
14 70
72 36
141 101
102 99
5 69
42 22
69 9
87 70
68 8
150 77
165 86
152 51
119 71
17 98
140 51
87 47
51 46
128 37
43 83
87 45
51 64
95 92
97 15
98 78
124 88
95 54
147 66
121 31
115 35
33 62
152 52
112 98
62 92
169 19
1 89
124 35
117 46
175 90
26 45
105 11
135 69
91 84
130 14
48 17
85 76
161 59
32 61
69 41
56 84
109 42
4 63
130 78
178 28
108 92
173 25
2 80
144 30
66 5
172 91
18 14
170 7
103 49
7 8
147 44
84 50
67 45
126 65
66 26
122 57
74 15
121 45
167 86
64 93
144 5
29 80
16 30
57 86
83 86
130 53
18 35
169 70
132 63
153 59
129 67
109 67
65 103
57 56
118 94
23 30
53 28
23 99
139 57
37 68
176 7
143 84
136 38
8 98
96 72
163 33
7 14
102 63
68 25
43 72
44 70
4 67
4 55
151 75
96 92
168 60
146 23
132 26
60 25
56 70
176 72
13 60
159 74
126 75
51 14
178 45
40 50
167 47
62 64
178 42
172 80
83 49
61 39
155 103
12 36
108 78
173 78
86 35
30 14
120 58
124 31
43 61
8 41
93 29
40 77
155 28
43 37
69 8
34 54
59 57
171 23
98 47
136 102
112 64
15 90
37 28
36 48
132 92
116 104
163 16
54 28
87 104
57 101
121 67
179 93
68 17
111 95
122 37
139 63
144 84
151 97
130 55
24 54
130 43
18 10
7 77
14 94
49 9
28 61
72 21
131 21
63 45
96 95
76 33
108 103
13 32
116 59
45 9
168 17
6 43
128 13
121 53
39 92
165 42
134 46
48 98
100 54
7 75
6 16
8 87
163 86
28 28
153 48
177 42
45 49
57 5
116 42
16 97
62 23
17 35
114 55
26 84
52 35
145 89
122 11
15 19
61 102
38 46
129 103
5 13
84 78
1 33
87 60
137 85
21 81
160 103
146 30
149 89
145 29
83 95
96 97
116 64
47 6
119 44
109 60
21 75
4 89
70 46
23 55
71 81
93 53
81 89
162 18
10 60
131 31
67 99
90 2
134 65
96 61
128 83
102 10
86 85
36 25
149 18
134 59
10 47
141 41
94 79
43 29
71 42
68 16
80 41
119 57
66 56
39 78
162 86
167 100
177 90
10 63
30 101
26 3
54 51
175 44
40 37
81 62
149 3
150 20
74 29
78 21
168 33
108 51
82 20
7 40
76 86
96 42
174 26
156 41
31 76
141 75
118 74
155 29
9 52
100 17
117 58
107 34
86 80
28 56
72 69
22 66
41 46
81 54
159 99
128 7
11 54
66 102
68 18
121 13
178 36
103 53
42 14
45 85
27 25
172 21
159 48
71 91
134 75
55 70
163 88
98 61
56 28
144 12
135 97
1 88
118 66
97 57
127 19
137 4
71 63
40 38
42 82
71 76
125 82
169 73
125 13
22 88
144 31
142 54
131 9
135 64
13 35
161 29
118 56
154 22
46 36
167 58
100 69
159 72
128 6
102 88
118 27
133 56
13 19
57 46
35 59
128 97
92 17
63 53
164 37
24 27
97 29
139 10
68 39
19 17
101 17
160 1
111 22
113 88
146 40
119 25
154 95
150 26
110 70
147 1
89 21
95 99
77 78
84 28
175 61
35 87
156 78
178 76
98 42
46 56
120 84
143 103
55 95
144 38
124 90
54 11
158 32
113 34
146 43
35 1
138 93
19 90
153 35
26 53
121 33
73 50
89 80
22 61
151 82
49 88
87 92
78 100
121 79
121 57
13 26
97 22
142 20
125 27
78 98
42 102
23 82
168 88
49 7
38 35
22 63
92 91
6 41
165 41
26 73
150 7
173 103
129 20
168 31
156 56
2 2
143 29
76 10
24 75
80 10
3 99
161 102
42 37
148 96
88 20
133 79
51 18
141 80
157 90
65 97
109 39
166 57
76 23
108 30
101 64
49 29
26 61
162 6
104 71
150 93
152 58
119 31
23 96
96 24
35 77
137 94
179 56
157 48
168 39
68 19
110 6
175 43
33 19
165 53
119 90
30 86
155 3
73 71
180 68
135 62
60 54
28 70
11 55
170 12
71 52
84 103
71 31
16 68
70 42
127 10
144 83
5 40
58 30
65 8
50 76
39 101
85 83
130 94
18 94
112 13
102 14
73 59
19 75
29 72
100 41
164 26
99 41
128 69
64 104
101 50
169 72
166 72
115 61
154 9
127 32
87 19
126 51
93 1
107 52
171 1
173 100
24 87
62 31
27 6
117 70
180 30
146 46
51 83
35 91
89 47
174 18
13 92
78 103
44 18
104 98
159 24
30 88
95 24
165 11
167 14
94 94
22 80
140 74
19 58
26 46
162 64
82 50
48 73
122 17
118 73
161 40
94 15
105 59
51 48
31 74
147 39
97 90
158 98
91 7
24 47
133 87
29 45
81 65
82 55
123 100
163 24
134 42
43 58
46 17
50 77
96 94
40 61
174 16
98 75
88 7
66 82
81 9
115 53
159 73
69 95
104 8
32 83
136 99
143 79
22 32
124 26
143 4
72 96
58 18
107 47
54 22
108 64
145 46
47 70
30 33
101 80
127 55
163 45
76 67
71 95
84 56
14 86
103 30
84 71
18 41
80 45
175 98
21 91
28 51
63 100
22 8
91 5
11 24
79 101
125 83
102 27
171 95
58 58
126 64
151 68
85 64
59 78
154 11
94 65
180 72
99 65
54 70
173 11
60 3
173 65
122 9
177 59
58 52
136 44
5 63
2 13
176 41
136 10
55 28
73 98
56 96
10 73
100 20
175 89
64 33
56 60
1 41
176 12
118 104
9 27
26 32
89 25
34 66
93 78
147 4
171 30
6 25
21 54
172 38
29 7
24 79
180 12
154 68
179 58
71 67
180 9
122 29
111 43
119 70
107 58
25 24
7 17
5 21
77 32
66 101
164 58
27 21
172 42
171 83
12 28
151 45
66 65
123 14
44 41
124 65
59 89
17 14
95 12
73 17
88 57
120 36
63 62
146 59
73 43
97 17
1 43
105 15
67 29
124 78
137 57
23 72
77 14
66 94
70 80
50 71
114 39
26 29
28 21
98 67
170 65
145 85
93 102
15 16
176 69
172 94
80 44
68 71
4 70
145 97
70 83
167 21
94 99
139 4
57 71
20 94
33 56
99 44
128 48
161 67
178 6
93 63
167 49
161 62
153 86
112 6
84 17
44 46
147 72
57 104
157 74
38 42
54 81
150 30
171 27
51 13
119 9
175 60
156 21
43 92
131 93
86 83
142 12
85 52
9 59
157 10
125 46
100 73
23 46
139 50
115 82
143 5
133 83
68 68
38 23
47 30
144 78
38 64
157 60
30 32
69 32
43 45
86 90
82 24
106 52
174 24
51 78
118 96
56 68
168 5
100 40
64 40
121 80
9 81
71 66
174 85
70 50
54 60
42 77
76 14
145 76
17 41
28 96
136 60
180 65
135 36
84 16
5 101
175 10
91 1
4 64
142 56
92 49
172 16
110 18
51 66
166 93
128 16
122 58
166 95
132 82
111 6
95 29
119 72
57 43
50 87
171 93
46 9
104 4
109 54
126 58
135 14
96 98
8 72
55 7
158 96
78 45
13 68
177 87
176 54
174 30
101 47
111 102
29 79
78 22
106 7
51 35
1 7
126 37
140 90
143 23
111 63
38 45
132 102
34 72
35 94
129 7
144 11
61 88
93 59
68 62
4 54
139 94
92 70
36 49
44 68
53 103
155 36
112 7
141 85
94 97
90 103
18 5
79 30
151 48
13 97
11 92
40 4
25 12
177 81
107 33
16 2
18 65
49 98
42 4
71 30
48 3
164 1
49 33
145 2
161 77
132 30
97 91
136 33
18 9
175 93
134 53
7 89
172 60
25 6
157 93
89 89
175 80
55 45
161 80
59 62
68 29
175 13
14 75
63 92
119 28
11 89
53 38
98 17
58 88
119 103
148 70
38 50
29 40
66 6
72 104
65 76
103 72
167 97
142 71
76 96
116 21
61 93
63 25
137 68
61 69
101 98
147 89
75 39
112 73
41 4
5 90
76 91
150 54
87 43
19 39
73 53
67 5
16 31
6 56
146 100
118 24
41 40
58 10
179 20
92 68
177 86
39 42
162 14
33 91
72 61
87 52
88 48
169 11
149 88
9 90
78 6
166 80
44 53
53 71
135 57
46 93
88 41
11 5
108 52
107 6
58 49
125 47
167 94
89 72
56 5
53 19
102 50
72 43
107 38
55 33
149 20
100 2
67 66
162 15
16 89
5 11
143 33
121 48
173 8
134 8
2 19
157 11
63 9
6 20
108 98
21 10
36 92
34 28
2 26
142 24
144 37
66 51
90 60
121 3
89 19
74 32
117 92
145 17
148 42
15 99
50 63
91 15
106 39
74 70
83 78
157 50
1 26
58 92
53 2
120 15
91 34
157 72
61 43
175 51
155 98
49 49
166 10
174 31
75 34
112 50
60 91
22 45
3 43
35 52
145 9
82 36
67 57
134 24
120 57
173 45
169 15
70 6
37 56
71 38
152 11
94 7
159 45
177 77
44 14
55 51
39 51
162 67
88 2
107 13
124 52
132 36
92 24
26 79
155 49
65 94
98 60
151 49
54 102
73 56
51 21
147 46
172 95
136 28
106 25
131 39
68 46
80 5
9 13
135 56
68 14
67 84
153 65
172 77
78 38
166 100
125 100
35 7
66 59
83 98
53 1
103 39
3 69
112 28
131 15
20 15
156 33
104 99
36 28
35 74
37 60
153 100
70 2
138 46
114 59
106 11
16 56
24 61
100 78
53 52
119 29
59 22
54 57
60 11
66 7
126 89
119 99
138 60
33 60
22 102
113 62
121 60
142 89
95 73
40 49
168 46
159 32
151 29
57 60
160 9
37 7
144 18
152 8
26 26
72 80
91 85
19 9
38 37
141 92
39 27
13 65
10 59
87 28
92 39
144 52
78 104
8 39
80 69
70 10
60 32
10 20
145 54
58 103
93 3
8 4
28 9
43 36
37 58
132 84
171 92
37 23
28 100
176 96
148 97
13 100
106 34
176 82
121 42
151 74
180 3
23 67
59 69
122 34
21 26
89 39
176 21
19 48
149 13
112 56
112 101
18 33
78 64
34 49
7 91
3 36
141 77
129 53
141 97
118 86
77 47
36 23
161 2
34 5
146 20
150 11
30 16
31 44
50 50
58 104
34 92
141 73
155 32
79 100
129 8
40 30
104 91
58 101
23 85
36 99
117 8
139 11
143 26
119 60
93 100
48 99
172 76
34 79
1 101
46 28
74 34
112 40
121 55
180 33
5 34
102 64
67 69
114 2
150 60
105 10
71 26
67 60
126 92
103 34
46 46
88 92
35 32
65 45
14 12
58 79
37 16
105 68
130 81
70 101
33 53
71 85
20 101
177 73
164 67
54 39
69 68
21 17
95 66
101 29
148 53
121 71
69 19
122 100
79 54
175 8
137 72
178 14
94 3
49 31
52 78
171 67
45 77
60 48
128 12
76 4
7 78
18 62
68 85
91 87
84 92
115 58
20 63
115 25
158 12
53 17
38 12
70 93
8 96
111 32
109 26
166 11
61 46
31 54
92 60
155 102
163 78
56 31
60 62
32 34
81 18
58 71
14 27
23 17
40 103
