800 120
1555 45
584 1016
1499 101
1063 537
1549 51
869 731
1485 115
1530 70
511 1089
889 711
960 640
195 1405
1058 542
1062 538
783 817
1574 26
1103 497
1226 374
289 1311
1093 507
234 1366
909 691
824 776
236 1364
432 1168
1326 274
1271 329
693 907
880 720
1122 478
1102 498
851 749
1035 565
855 745
1085 515
660 940
390 1210
527 1073
1238 362
1372 228
762 838
1551 49
1571 29
818 782
1251 349
1307 293
495 1105
1453 147
1076 524
1523 77
878 722
597 1003
1328 272
1598 2
253 1347
1560 40
1347 253
1029 571
494 1106
330 1270
7 1593
200 1400
1426 174
1129 471
365 1235
303 1297
1198 402
1232 368
961 639
1431 169
1304 296
839 761
1293 307
1107 493
1372 228
661 939
60 1540
1032 568
1036 564
78 1522
924 676
82 1518
351 1249
309 1291
775 825
990 610
140 1460
567 1033
1436 164
1295 305
160 1440
10 1590
352 1248
1426 174
356 1244
950 650
32 1568
1071 529
20 1580
80 1520
1357 243
513 1087
303 1297
970 630
179 1421
1321 279
380 1220
1403 197
145 1455
516 1084
1169 431
761 839
97 1503
1298 302
645 955
927 673
1101 499
1380 220
255 1345
1105 495
