540 760
763 317
663 417
579 501
883 197
102 978
234 846
47 1033
694 386
113 967
1061 19
84 996
88 992
751 329
961 119
803 277
779 301
956 124
73 1007
742 338
1012 68
988 92
188 892
509 571
1080 0
706 374
653 427
335 745
449 631
1018 62
1017 63
255 825
44 1036
927 153
1035 45
940 140
687 393
789 291
618 462
223 857
307 773
195 885
1059 21
878 202
535 545
555 525
750 330
342 738
1000 80
350 730
692 388
908 172
727 353
727 353
144 936
906 174
866 214
750 330
696 384
1064 16
904 176
775 305
1031 49
258 822
273 807
560 520
754 326
470 610
546 534
1073 7
349 731
151 929
826 254
818 262
494 586
746 334
323 757
659 421
230 850
859 221
930 150
35 1045
390 690
758 322
626 454
23 1057
301 779
206 874
894 186
316 764
542 538
522 558
36 1044
805 275
948 132
940 140
134 946
479 601
949 131
814 266
481 599
357 723
755 325
1055 25
330 750
894 186
434 646
379 701
826 254
185 895
518 562
513 567
733 347
408 672
598 482
838 242
501 579
940 140
229 851
56 1024
681 399
910 170
595 485
981 99
650 430
689 391
828 252
175 905
664 416
892 188
875 205
756 324
808 272
349 731
94 986
665 415
800 280
883 197
706 374
947 133
305 775
74 1006
334 746
451 629
332 748
663 417
780 300
825 255
912 168
589 491
879 201
153 927
960 120
476 604
309 771
534 546
245 835
892 188
449 631
327 753
580 500
100 980
368 712
941 139
822 258
582 498
404 676
152 928
218 862
815 265
834 246
323 757
1007 73
273 807
17 1063
500 580
817 263
316 764
970 110
840 240
613 467
143 937
796 284
667 413
242 838
592 488
583 497
506 574
614 466
349 731
559 521
171 909
711 369
810 270
109 971
842 238
523 557
870 210
257 823
834 246
121 959
303 777
524 556
722 358
740 340
348 732
362 718
506 574
1033 47
937 143
98 982
1076 4
603 477
933 147
81 999
4 1076
262 818
293 787
1051 29
586 494
40 1040
1017 63
186 894
461 619
765 315
115 965
501 579
255 825
272 808
557 523
952 128
20 1060
490 590
1078 2
642 438
425 655
674 406
654 426
379 701
454 626
926 154
781 299
230 850
447 633
845 235
34 1046
1066 14
1067 13
766 314
201 879
89 991
132 948
28 1052
987 93
600 480
582 498
1033 47
214 866
184 896
917 163
991 89
220 860
242 838
674 406
582 498
141 939
518 562
259 821
507 573
548 532
64 1016
71 1009
704 376
312 768
612 468
536 544
394 686
98 982
335 745
519 561
1048 32
829 251
784 296
519 561
971 109
729 351
339 741
481 599
812 268
382 698
149 931
612 468
98 982
494 586
649 431
998 82
485 595
64 1016
683 397
655 425
465 615
263 817
477 603
587 493
474 606
585 495
648 432
312 768
26 1054
989 91
1072 8
282 798
863 217
262 818
852 228
116 964
339 741
78 1002
505 575
164 916
82 998
1028 52
867 213
873 207
702 378
849 231
558 522
501 579
44 1036
721 359
380 700
1067 13
453 627
212 868
5 1075
405 675
113 967
264 816
385 695
91 989
566 514
994 86
695 385
1012 68
839 241
640 440
1009 71
510 570
75 1005
550 530
653 427
634 446
1037 43
949 131
1011 69
607 473
619 461
371 709
54 1026
269 811
545 535
837 243
815 265
690 390
843 237
990 90
673 407
132 948
776 304
529 551
349 731
246 834
839 241
93 987
532 548
733 347
568 512
50 1030
241 839
321 759
145 935
739 341
658 422
288 792
360 720
907 173
806 274
7 1073
979 101
1064 16
594 486
305 775
295 785
242 838
430 650
585 495
28 1052
584 496
316 764
15 1065
870 210
972 108
99 981
464 616
336 744
127 953
307 773
392 688
594 486
543 537
655 425
412 668
791 289
481 599
945 135
365 715
323 757
370 710
820 260
982 98
483 597
992 88
54 1026
570 510
182 898
18 1062
647 433
62 1018
948 132
1007 73
265 815
1015 65
847 233
154 926
858 222
563 517
295 785
305 775
849 231
344 736
893 187
50 1030
762 318
899 181
251 829
1069 11
902 178
319 761
912 168
554 526
849 231
531 549
922 158
962 118
79 1001
636 444
492 588
351 729
923 157
673 407
324 756
350 730
916 164
882 198
878 202
551 529
824 256
319 761
128 952
81 999
869 211
29 1051
310 770
1049 31
971 109
130 950
330 750
64 1016
105 975
293 787
619 461
904 176
127 953
18 1062
944 136
1073 7
605 475
134 946
642 438
216 864
887 193
333 747
449 631
986 94
319 761
143 937
906 174
782 298
234 846
247 833
313 767
799 281
728 352
567 513
381 699
601 479
576 504
779 301
279 801
513 567
668 412
994 86
876 204
556 524
739 341
881 199
1047 33
226 854
525 555
1024 56
57 1023
963 117
1044 36
86 994
540 540
689 391
982 98
302 778
14 1066
614 466
881 199
851 229
57 1023
507 573
648 432
499 581
33 1047
755 325
790 290
413 667
66 1014
958 122
724 356
69 1011
757 323
557 523
121 959
236 844
73 1007
334 746
219 861
242 838
563 517
624 456
1057 23
69 1011
149 931
764 316
783 297
36 1044
437 643
371 709
304 776
108 972
93 987
60 1020
527 553
391 689
629 451
993 87
1004 76
353 727
229 851
799 281
89 991
435 645
108 972
603 477
468 612
417 663
197 883
236 844
644 436
365 715
324 756
745 335
669 411
344 736
110 970
701 379
521 559
713 367
512 568
867 213
832 248
69 1011
822 258
120 960
708 372
574 506
751 329
262 818
39 1041
281 799
111 969
181 899
272 808
968 112
477 603
602 478
1010 70
939 141
1005 75
859 221
363 717
477 603
57 1023
497 583
104 976
627 453
748 332
279 801
1027 53
757 323
1 1079
506 574
179 901
744 336
636 444
725 355
382 698
461 619
707 373
692 388
628 452
100 980
538 542
411 669
1007 73
921 159
772 308
237 843
550 530
381 699
478 602
1019 61
1028 52
970 110
423 657
286 794
240 840
141 939
1032 48
887 193
943 137
1039 41
214 866
419 661
926 154
422 658
926 154
728 352
420 660
770 310
578 502
1030 50
236 844
596 484
67 1013
950 130
712 368
426 654
802 278
858 222
114 966
291 789
678 402
1026 54
902 178
1027 53
188 892
300 780
671 409
607 473
235 845
502 578
576 504
206 874
370 710
323 757
1069 11
598 482
137 943
510 570
894 186
648 432
680 400
535 545
914 166
20 1060
364 716
72 1008
447 633
666 414
975 105
1009 71
431 649
728 352
465 615
989 91
180 900
756 324
210 870
758 322
802 278
763 317
968 112
958 122
186 894
303 777
395 685
410 670
42 1038
499 581
726 354
319 761
0 1080
679 401
752 328
545 535
337 743
707 373
51 1029
720 360
384 696
307 773
78 1002
164 916
493 587
1072 8
432 648
173 907
843 237
153 927
1060 20
637 443
665 415
393 687
201 879
964 116
54 1026
804 276
163 917
319 761
696 384
868 212
414 666
733 347
579 501
355 725
145 935
