1000 1000
1077 923
483 1517
757 1243
1575 425
1771 229
555 1445
1706 294
921 1079
957 1043
258 1742
1856 144
256 1744
601 1399
330 1670
839 1161
1527 473
1349 651
1962 38
1130 870
640 1360
580 1420
1928 72
976 1024
469 1531
1819 181
811 1189
209 1791
660 1340
1675 325
1921 79
1486 514
199 1801
1145 855
1717 283
122 1878
598 1402
1075 925
1790 210
952 1048
363 1637
1859 141
1475 525
1911 89
114 1886
185 1815
775 1225
844 1156
376 1624
311 1689
496 1504
1380 620
1374 626
271 1729
1897 103
230 1770
295 1705
579 1421
51 1949
1532 468
1652 348
1129 871
1859 141
1503 497
270 1730
1935 65
1474 526
157 1843
1343 657
575 1425
1822 178
907 1093
55 1945
26 1974
1066 934
179 1821
1576 424
1749 251
1039 961
171 1829
295 1705
1005 995
1692 308
10 1990
1538 462
1369 631
982 1018
365 1635
25 1975
1515 485
865 1135
775 1225
907 1093
382 1618
571 1429
643 1357
1935 65
807 1193
1220 780
1687 313
215 1785
1319 681
435 1565
1700 300
70 1930
885 1115
406 1594
1227 773
969 1031
907 1093
1495 505
900 1100
505 1495
1181 819
874 1126
1821 179
634 1366
1461 539
1367 633
311 1689
196 1804
712 1288
812 1188
1301 699
1102 898
1701 299
1501 499
1786 214
1825 175
625 1375
1672 328
418 1582
1382 618
1321 679
1305 695
644 1356
658 1342
1597 403
782 1218
428 1572
1636 364
284 1716
1294 706
1946 54
629 1371
372 1628
1294 706
1330 670
1953 47
823 1177
1418 582
819 1181
1562 438
24 1976
647 1353
78 1922
1454 546
295 1705
228 1772
637 1363
631 1369
1684 316
788 1212
704 1296
299 1701
1487 513
1343 657
956 1044
422 1578
1830 170
114 1886
953 1047
56 1944
1688 312
1522 478
1396 604
1009 991
1060 940
1911 89
944 1056
62 1938
680 1320
1537 463
1715 285
1488 512
1650 350
1439 561
1365 635
937 1063
1980 20
677 1323
1559 441
1898 102
1203 797
792 1208
1650 350
572 1428
812 1188
1722 278
1321 679
375 1625
91 1909
786 1214
542 1458
783 1217
556 1444
1636 364
1986 14
451 1549
351 1649
1541 459
1141 859
301 1699
122 1878
375 1625
99 1901
1487 513
989 1011
1680 320
197 1803
1439 561
1737 263
1913 87
1914 86
1678 322
1607 393
388 1612
1709 291
547 1453
1862 138
76 1924
1533 467
506 1494
1554 446
1245 755
1173 827
1358 642
1539 461
315 1685
1707 293
1540 460
256 1744
1686 314
502 1498
691 1309
624 1376
1497 503
1924 76
1347 653
514 1486
1844 156
1688 312
164 1836
317 1683
1386 614
81 1919
1728 272
1532 468
1196 804
1031 969
1285 715
1892 108
1002 998
1241 759
347 1653
571 1429
856 1144
91 1909
45 1955
611 1389
535 1465
755 1245
1566 434
662 1338
1375 625
575 1425
1734 266
472 1528
1977 23
1246 754
1317 683
47 1953
1396 604
1286 714
721 1279
144 1856
321 1679
1201 799
929 1071
1913 87
833 1167
620 1380
483 1517
1099 901
1013 987
255 1745
1542 458
702 1298
1843 157
1713 287
529 1471
1614 386
1762 238
1475 525
1658 342
557 1443
230 1770
1806 194
10 1990
1058 942
570 1430
160 1840
1188 812
544 1456
1855 145
567 1433
1687 313
767 1233
1385 615
1857 143
1889 111
1422 578
1091 909
412 1588
179 1821
460 1540
968 1032
797 1203
746 1254
1856 144
920 1080
1931 69
647 1353
392 1608
102 1898
587 1413
1598 402
631 1369
905 1095
140 1860
828 1172
1539 461
891 1109
439 1561
1573 427
1588 412
886 1114
558 1442
1702 298
945 1055
805 1195
587 1413
1654 346
1114 886
1539 461
1138 862
1847 153
1370 630
1356 644
508 1492
678 1322
1983 17
688 1312
1059 941
257 1743
1175 825
854 1146
511 1489
811 1189
536 1464
1226 774
1180 820
510 1490
748 1252
1415 585
1103 897
105 1895
998 1002
401 1599
1410 590
790 1210
219 1781
1684 316
1191 809
312 1688
1959 41
1388 612
497 1503
163 1837
1050 950
849 1151
1561 439
326 1674
850 1150
1140 860
569 1431
391 1609
462 1538
1152 848
885 1115
578 1422
706 1294
1011 989
1461 539
18 1982
1003 997
1881 119
436 1564
1880 120
26 1974
1484 516
547 1453
1135 865
1020 980
1546 454
433 1567
272 1728
1381 619
511 1489
361 1639
10 1990
1676 324
1529 471
1001 999
1613 387
1171 829
193 1807
71 1929
1779 221
242 1758
1117 883
992 1008
870 1130
148 1852
799 1201
827 1173
72 1928
304 1696
1530 470
959 1041
609 1391
1439 561
306 1694
1070 930
1185 815
478 1522
441 1559
1438 562
954 1046
1042 958
300 1700
1961 39
1103 897
1027 973
868 1132
1754 246
616 1384
1789 211
1136 864
1088 912
1335 665
1756 244
1447 553
891 1109
903 1097
4 1996
1029 971
820 1180
395 1605
799 1201
506 1494
1046 954
1759 241
222 1778
516 1484
923 1077
108 1892
1561 439
248 1752
154 1846
1685 315
846 1154
1609 391
1785 215
688 1312
1628 372
1860 140
903 1097
1436 564
1750 250
535 1465
370 1630
1160 840
788 1212
1100 900
709 1291
547 1453
981 1019
1629 371
1422 578
62 1938
1820 180
1156 844
1148 852
1095 905
1810 190
1162 838
316 1684
519 1481
593 1407
1829 171
728 1272
173 1827
1076 924
1114 886
1462 538
425 1575
1162 838
14 1986
1719 281
1150 850
1707 293
641 1359
206 1794
610 1390
1946 54
553 1447
467 1533
1355 645
1830 170
17 1983
619 1381
1319 681
1562 438
1853 147
1785 215
803 1197
624 1376
1411 589
711 1289
1442 558
794 1206
1581 419
321 1679
1930 70
1681 319
1243 757
799 1201
1406 594
495 1505
255 1745
1479 521
656 1344
346 1654
1209 791
256 1744
760 1240
1001 999
1834 166
1318 682
1201 799
1605 395
859 1141
1342 658
944 1056
1358 642
1427 573
1730 270
1257 743
237 1763
830 1170
507 1493
1628 372
898 1102
152 1848
968 1032
1992 8
1 1999
76 1924
947 1053
1125 875
1577 423
1495 505
1544 456
1137 863
540 1460
1418 582
706 1294
967 1033
372 1628
976 1024
1711 289
1842 158
1458 542
1683 317
21 1979
705 1295
674 1326
1041 959
1291 709
1327 673
869 1131
437 1563
1624 376
1104 896
18 1982
1646 354
334 1666
1335 665
559 1441
1225 775
1086 914
1318 682
1720 280
1317 683
1826 174
1582 418
1699 301
120 1880
264 1736
1925 75
890 1110
1302 698
1967 33
1159 841
1402 598
1462 538
194 1806
141 1859
1734 266
1367 633
130 1870
57 1943
175 1825
1367 633
527 1473
1986 14
1408 592
1105 895
438 1562
164 1836
687 1313
1856 144
1168 832
126 1874
1481 519
905 1095
888 1112
602 1398
1289 711
111 1889
304 1696
913 1087
880 1120
283 1717
1375 625
922 1078
294 1706
257 1743
1610 390
1805 195
1537 463
1536 464
286 1714
774 1226
1047 953
1739 261
675 1325
415 1585
1338 662
1879 121
1998 2
1634 366
1543 457
1742 258
976 1024
1881 119
1891 109
596 1404
1361 639
1034 966
844 1156
852 1148
1032 968
377 1623
170 1830
1503 497
667 1333
92 1908
1533 467
307 1693
1870 130
1433 567
1687 313
1759 241
1923 77
1346 654
1887 113
1694 306
763 1237
399 1601
716 1284
201 1799
1917 83
525 1475
1370 630
1401 599
311 1689
1157 843
1862 138
1890 110
494 1506
942 1058
1961 39
1388 612
296 1704
842 1158
811 1189
135 1865
677 1323
818 1182
141 1859
1953 47
1385 615
567 1433
1113 887
822 1178
818 1182
1338 662
722 1278
486 1514
329 1671
103 1897
1720 280
755 1245
1027 973
1364 636
7 1993
843 1157
1345 655
422 1578
408 1592
375 1625
602 1398
1567 433
1643 357
1945 55
798 1202
1705 295
1416 584
1943 57
1756 244
2 1998
730 1270
1573 427
488 1512
51 1949
903 1097
1737 263
233 1767
839 1161
827 1173
1875 125
1227 773
97 1903
306 1694
1569 431
235 1765
1897 103
1209 791
918 1082
190 1810
810 1190
61 1939
698 1302
545 1455
984 1016
1098 902
382 1618
777 1223
650 1350
1856 144
994 1006
365 1635
963 1037
1611 389
1650 350
1312 688
1102 898
1797 203
1877 123
1681 319
260 1740
802 1198
701 1299
1423 577
1543 457
21 1979
1055 945
1948 52
1758 242
1610 390
698 1302
997 1003
1359 641
1224 776
34 1966
664 1336
1555 445
337 1663
1922 78
1260 740
1087 913
21 1979
1722 278
153 1847
1741 259
1445 555
1246 754
1311 689
638 1362
814 1186
1988 12
96 1904
1042 958
873 1127
690 1310
1057 943
1619 381
21 1979
512 1488
759 1241
1573 427
596 1404
436 1564
1017 983
800 1200
583 1417
1739 261
551 1449
642 1358
1617 383
878 1122
578 1422
570 1430
1451 549
625 1375
1611 389
690 1310
1934 66
1559 441
1669 331
840 1160
1568 432
665 1335
1097 903
1054 946
1059 941
1890 110
1491 509
1704 296
1724 276
1690 310
1280 720
1342 658
1873 127
461 1539
768 1232
103 1897
878 1122
1544 456
506 1494
1670 330
1984 16
726 1274
1083 917
1444 556
639 1361
205 1795
898 1102
79 1921
47 1953
896 1104
1313 687
171 1829
1456 544
1916 84
143 1857
1734 266
682 1318
284 1716
128 1872
760 1240
798 1202
766 1234
1885 115
1801 199
1173 827
1706 294
494 1506
80 1920
909 1091
412 1588
694 1306
330 1670
1946 54
231 1769
1688 312
1604 396
1468 532
1175 825
263 1737
1833 167
523 1477
1259 741
1607 393
114 1886
67 1933
1496 504
399 1601
522 1478
588 1412
618 1382
495 1505
348 1652
843 1157
800 1200
1414 586
1778 222
724 1276
41 1959
1941 59
465 1535
1672 328
1564 436
1873 127
346 1654
518 1482
827 1173
1100 900
1133 867
78 1922
887 1113
478 1522
1429 571
1013 987
837 1163
794 1206
1506 494
95 1905
553 1447
38 1962
1267 733
1934 66
895 1105
498 1502
1275 725
1607 393
1967 33
1477 523
379 1621
1231 769
581 1419
139 1861
337 1663
1410 590
1668 332
1667 333
1087 913
1655 345
622 1378
576 1424
1748 252
1144 856
213 1787
1221 779
1122 878
333 1667
982 1018
1311 689
1659 341
1362 638
575 1425
1897 103
1139 861
1580 420
17 1983
1759 241
1168 832
605 1395
231 1769
983 1017
154 1846
633 1367
929 1071
518 1482
729 1271
275 1725
39 1961
686 1314
1402 598
