1000 1000
375 1625
1130 870
979 1021
772 1228
1400 600
1809 191
1526 474
778 1222
413 1587
34 1966
987 1013
560 1440
222 1778
1203 797
1978 22
1157 843
272 1728
1949 51
745 1255
413 1587
479 1521
1265 735
60 1940
982 1018
1448 552
529 1471
961 1039
1155 845
1217 783
314 1686
46 1954
811 1189
570 1430
1587 413
803 1197
1181 819
1774 226
1124 876
1789 211
1949 51
422 1578
956 1044
1233 767
435 1565
1857 143
1996 4
1443 557
221 1779
1391 609
442 1558
1124 876
509 1491
1835 165
1738 262
1037 963
494 1506
1233 767
283 1717
1976 24
664 1336
1801 199
1416 584
1733 267
338 1662
332 1668
844 1156
804 1196
1639 361
1741 259
508 1492
1019 981
1593 407
1510 490
655 1345
1622 378
1696 304
1955 45
1364 636
1240 760
481 1519
920 1080
884 1116
946 1054
1772 228
1067 933
1849 151
1145 855
687 1313
1589 411
724 1276
1220 780
1078 922
588 1412
1429 571
319 1681
139 1861
29 1971
544 1456
1346 654
804 1196
1336 664
115 1885
369 1631
1539 461
732 1268
157 1843
890 1110
560 1440
1380 620
1402 598
1555 445
74 1926
428 1572
1485 515
1773 227
42 1958
599 1401
296 1704
1022 978
1705 295
847 1153
1139 861
1220 780
559 1441
1220 780
840 1160
367 1633
857 1143
644 1356
220 1780
217 1783
1877 123
749 1251
1882 118
931 1069
648 1352
1567 433
1550 450
863 1137
718 1282
324 1676
1218 782
1844 156
1676 324
356 1644
80 1920
683 1317
473 1527
1543 457
1050 950
874 1126
229 1771
102 1898
1936 64
921 1079
1564 436
1922 78
220 1780
1247 753
1084 916
721 1279
266 1734
628 1372
1708 292
398 1602
1591 409
1386 614
735 1265
817 1183
1710 290
1154 846
903 1097
407 1593
1701 299
1992 8
1080 920
1425 575
916 1084
477 1523
924 1076
1380 620
1633 367
1502 498
142 1858
1849 151
682 1318
1212 788
746 1254
1080 920
245 1755
1070 930
1556 444
1203 797
1027 973
470 1530
1516 484
42 1958
724 1276
506 1494
193 1807
906 1094
84 1916
1167 833
10 1990
901 1099
1009 991
369 1631
1035 965
42 1958
524 1476
1706 294
23 1977
1754 246
790 1210
159 1841
1456 544
337 1663
1570 430
1555 445
1111 889
809 1191
10 1990
157 1843
1389 611
192 1808
611 1389
224 1776
845 1155
1707 293
117 1883
1954 46
876 1124
521 1479
1894 106
1972 28
1991 9
773 1227
716 1284
86 1914
1093 907
767 1233
1961 39
1990 10
841 1159
913 1087
1744 256
714 1286
501 1499
1927 73
484 1516
272 1728
1224 776
1997 3
1276 724
6 1994
1825 175
1168 832
1489 511
1787 213
309 1691
444 1556
1813 187
1230 770
239 1761
846 1154
1728 272
96 1904
79 1921
1010 990
265 1735
1423 577
1523 477
1141 859
789 1211
1489 511
1849 151
22 1978
256 1744
622 1378
1003 997
908 1092
868 1132
1030 970
1631 369
395 1605
1884 116
1828 172
1223 777
446 1554
181 1819
74 1926
503 1497
891 1109
796 1204
1956 44
1869 131
341 1659
662 1338
177 1823
1847 153
1934 66
1153 847
381 1619
1924 76
120 1880
1361 639
1998 2
57 1943
1567 433
1899 101
689 1311
1627 373
1757 243
590 1410
1759 241
67 1933
1016 984
1053 947
1489 511
100 1900
1912 88
578 1422
1641 359
978 1022
1469 531
1325 675
1471 529
372 1628
1267 733
1167 833
835 1165
711 1289
1459 541
1541 459
1421 579
160 1840
80 1920
1928 72
798 1202
765 1235
1015 985
283 1717
85 1915
1805 195
1876 124
1156 844
820 1180
1608 392
1572 428
974 1026
565 1435
1697 303
884 1116
1186 814
1948 52
26 1974
564 1436
1984 16
1411 589
1809 191
15 1985
1511 489
1992 8
1314 686
1267 733
1372 628
1831 169
1553 447
384 1616
167 1833
182 1818
1455 545
1852 148
481 1519
399 1601
1686 314
1579 421
1907 93
1854 146
877 1123
989 1011
1425 575
605 1395
274 1726
1903 97
1392 608
879 1121
688 1312
1928 72
1197 803
1785 215
1992 8
288 1712
1752 248
674 1326
710 1290
1826 174
871 1129
60 1940
929 1071
229 1771
727 1273
707 1293
1215 785
5 1995
993 1007
1423 577
271 1729
1541 459
426 1574
733 1267
1208 792
1411 589
1936 64
1446 554
304 1696
1007 993
744 1256
1010 990
248 1752
56 1944
1915 85
108 1892
799 1201
1489 511
1757 243
292 1708
894 1106
338 1662
784 1216
1078 922
1275 725
161 1839
1780 220
871 1129
1055 945
1034 966
1316 684
129 1871
1940 60
742 1258
832 1168
211 1789
289 1711
1425 575
1686 314
1392 608
540 1460
1125 875
1123 877
367 1633
360 1640
676 1324
865 1135
937 1063
770 1230
1234 766
454 1546
1970 30
300 1700
1094 906
230 1770
891 1109
163 1837
251 1749
101 1899
6 1994
319 1681
795 1205
847 1153
487 1513
1703 297
1522 478
155 1845
1468 532
170 1830
1027 973
1153 847
1464 536
1839 161
1020 980
978 1022
96 1904
919 1081
1304 696
891 1109
889 1111
598 1402
72 1928
1159 841
573 1427
527 1473
1767 233
318 1682
667 1333
937 1063
1486 514
1187 813
357 1643
1450 550
1894 106
1866 134
364 1636
406 1594
806 1194
332 1668
946 1054
647 1353
1074 926
31 1969
983 1017
1269 731
401 1599
13 1987
64 1936
751 1249
142 1858
21 1979
705 1295
1773 227
1426 574
1240 760
1806 194
402 1598
597 1403
1989 11
1490 510
15 1985
672 1328
309 1691
482 1518
762 1238
1890 110
314 1686
1329 671
1091 909
1331 669
62 1938
691 1309
371 1629
819 1181
995 1005
1032 968
1914 86
151 1849
437 1563
1697 303
400 1600
175 1825
274 1726
1382 618
793 1207
1016 984
185 1815
750 1250
597 1403
1066 934
1113 887
795 1205
787 1213
1565 435
451 1549
1094 906
1765 235
373 1627
1725 275
1475 525
1166 834
1635 365
1926 74
663 1337
1722 278
44 1956
1544 456
745 1255
274 1726
11 1989
34 1966
1013 987
653 1347
1234 766
964 1036
395 1605
244 1756
1050 950
29 1971
1410 590
459 1541
519 1481
1420 580
488 1512
1088 912
1066 934
1668 332
1001 999
1081 919
554 1446
1542 458
441 1559
718 1282
948 1052
1880 120
1411 589
1563 437
1758 242
921 1079
828 1172
1643 357
976 1024
670 1330
279 1721
1550 450
877 1123
223 1777
1765 235
640 1360
1733 267
767 1233
295 1705
1852 148
1753 247
1062 938
1615 385
47 1953
295 1705
574 1426
577 1423
1001 999
979 1021
487 1513
705 1295
689 1311
1236 764
149 1851
85 1915
1707 293
1760 240
598 1402
673 1327
629 1371
929 1071
70 1930
701 1299
1732 268
779 1221
1899 101
749 1251
283 1717
1702 298
698 1302
264 1736
317 1683
998 1002
1753 247
1469 531
968 1032
1791 209
339 1661
1448 552
574 1426
1886 114
1268 732
1917 83
1593 407
1925 75
91 1909
1779 221
1035 965
1156 844
949 1051
1890 110
269 1731
398 1602
959 1041
1153 847
498 1502
1444 556
367 1633
1648 352
1444 556
1915 85
1337 663
1103 897
1852 148
676 1324
144 1856
1655 345
22 1978
539 1461
1493 507
210 1790
1078 922
1454 546
1689 311
559 1441
1770 230
26 1974
394 1606
295 1705
17 1983
1063 937
587 1413
1923 77
991 1009
1583 417
816 1184
1338 662
698 1302
758 1242
1111 889
1095 905
629 1371
983 1017
1213 787
1334 666
1504 496
101 1899
1966 34
1137 863
676 1324
911 1089
1843 157
1919 81
476 1524
663 1337
282 1718
397 1603
1799 201
1170 830
22 1978
1324 676
1887 113
365 1635
429 1571
191 1809
1404 596
568 1432
1941 59
1244 756
1344 656
1989 11
383 1617
809 1191
1554 446
750 1250
1465 535
402 1598
241 1759
752 1248
713 1287
1882 118
1916 84
787 1213
374 1626
816 1184
1776 224
346 1654
214 1786
305 1695
1069 931
1629 371
673 1327
1176 824
430 1570
1126 874
1913 87
510 1490
440 1560
1740 260
180 1820
935 1065
1550 450
1721 279
1788 212
1267 733
238 1762
1574 426
781 1219
733 1267
1916 84
1139 861
789 1211
1100 900
285 1715
1794 206
586 1414
156 1844
1459 541
624 1376
1275 725
241 1759
1501 499
1292 708
245 1755
1844 156
317 1683
1288 712
852 1148
1864 136
1517 483
234 1766
819 1181
181 1819
1288 712
1579 421
603 1397
1837 163
373 1627
56 1944
1340 660
1559 441
1884 116
859 1141
1172 828
1223 777
792 1208
1544 456
1334 666
1740 260
769 1231
588 1412
1210 790
1905 95
657 1343
247 1753
1010 990
1541 459
283 1717
1590 410
376 1624
520 1480
642 1358
896 1104
1103 897
1316 684
1893 107
1869 131
985 1015
945 1055
1349 651
128 1872
475 1525
1386 614
446 1554
1409 591
1580 420
1740 260
1903 97
1689 311
1474 526
1936 64
1688 312
201 1799
170 1830
869 1131
700 1300
944 1056
1416 584
1331 669
93 1907
1591 409
643 1357
180 1820
1494 506
1789 211
1665 335
1614 386
769 1231
101 1899
1414 586
351 1649
455 1545
1342 658
884 1116
1621 379
814 1186
298 1702
1098 902
1279 721
856 1144
1303 697
1139 861
169 1831
615 1385
777 1223
813 1187
452 1548
873 1127
953 1047
270 1730
1305 695
1132 868
1228 772
1200 800
46 1954
822 1178
1992 8
1309 691
11 1989
901 1099
1716 284
235 1765
466 1534
1667 333
1275 725
1573 427
770 1230
449 1551
1378 622
1827 173
1963 37
999 1001
1978 22
1054 946
1417 583
1905 95
1602 398
729 1271
1102 898
1041 959
821 1179
1966 34
1139 861
1266 734
410 1590
554 1446
657 1343
1898 102
386 1614
300 1700
1638 362
1620 380
1824 176
559 1441
411 1589
1565 435
455 1545
746 1254
1873 127
1694 306
312 1688
252 1748
1762 238
941 1059
880 1120
1703 297
1176 824
161 1839
439 1561
1754 246
1975 25
218 1782
1103 897
1693 307
893 1107
1088 912
1878 122
1696 304
625 1375
1949 51
965 1035
189 1811
1666 334
663 1337
395 1605
354 1646
412 1588
1387 613
86 1914
1785 215
855 1145
67 1933
620 1380
1570 430
1475 525
1179 821
766 1234
1132 868
1635 365
177 1823
1912 88
257 1743
1091 909
1584 416
1044 956
126 1874
1419 581
672 1328
932 1068
831 1169
1752 248
596 1404
928 1072
777 1223
283 1717
1616 384
289 1711
1649 351
782 1218
1671 329
