50 50
1052 292 2498 1982 466 1660 1458 779 1694 753 1586 1588 544 2476 1372 2282 1820 1285 152 18 1857 1853 1379 1056 293 1228 2432 1751 2013 1994 136 171 703 834 114 2209 2044 2364 1193 1527 2428 258 2439 1195 1207 1333 2474 1607 1690 2204
1346 1950 22 876 1360 1702 1647 1506 1414 339 610 797 2180 2328 6 2265 1933 1172 1834 2434 75 1433 449 1448 1086 310 1675 163 334 2287 1066 1141 1719 1899 810 1415 2134 217 1038 435 2219 61 273 1192 462 976 1595 2087 1439 2158
2036 1054 1777 1593 1496 2470 1810 138 2167 861 766 204 2019 1466 383 1815 1374 1250 290 450 1711 1561 62 550 2338 1409 2262 2334 1882 461 1725 2267 2486 433 1601 1014 1284 1637 315 70 1095 2291 898 872 2010 304 1818 1364 1604 320
1277 1767 866 1211 1157 402 118 935 13 1460 880 100 2424 482 1940 1616 504 380 187 1811 1579 2018 493 1308 1743 2323 300 123 1304 2173 30 444 884 762 1403 1748 556 1176 785 1404 1043 768 140 937 67 1153 532 1282 2269 122
186 1760 521 982 1388 2336 1540 2015 1736 1416 303 1603 238 928 2012 721 190 1629 384 940 847 1068 1966 1397 1868 2060 2283 1459 1495 1099 1890 2043 1442 340 1113 1892 1559 775 1314 1412 1076 1502 2123 1183 793 574 58 2088 1042 2256
403 1926 582 1067 2483 2467 2030 1389 250 1091 885 701 1850 2310 586 566 1685 675 637 1544 1707 1178 1265 2200 951 28 209 132 1710 2302 139 624 731 44 1669 742 1058 176 1979 1186 2354 1948 410 1916 1463 879 1610 1798 2125 856
625 832 534 1055 1050 1526 366 2027 143 297 848 1548 1717 1598 2422 2179 262 1366 1724 479 1100 1120 116 86 1721 605 1688 507 1947 1279 1734 1339 442 1007 2186 744 200 2281 681 1754 407 495 601 420 1634 992 314 680 987 1981
287 1260 2341 1413 1642 1829 1213 811 1212 1727 2355 2379 686 908 2479 950 144 2118 964 2349 1336 41 645 1293 1139 1638 1140 307 342 283 2438 1128 337 1349 23 1040 1915 1481 1167 1792 1302 2058 276 1387 1718 246 972 1855 429 1557
543 1300 2275 1480 1169 1805 1745 2130 2410 1016 312 1787 831 1639 1860 1613 288 1568 1773 1589 2348 998 2276 2066 2163 1271 787 1287 1348 2264 1296 2224 1827 1759 615 2049 1057 1351 1803 841 169 1317 14 2335 177 2166 1535 2273 1838 473
1294 64 525 1534 2031 1872 1897 1807 1617 1343 2487 1983 2001 1839 692 1473 843 2020 1398 1744 1793 93 478 374 1456 1355 264 2189 148 2175 151 316 635 1298 105 2374 50 1315 1671 939 817 1554 2016 1774 752 1957 1422 1733 818 2115
401 390 860 1342 1410 1273 2421 1508 2055 1001 2413 1179 80 1505 1555 2446 1801 594 554 1914 667 2021 2050 913 1357 272 740 1461 2098 2337 2333 212 562 1530 994 2235 252 370 94 53 1083 1118 1750 553 2237 161 1005 25 424 862
2443 2311 2497 754 1378 725 1165 451 2105 159 1094 214 1614 2068 1566 496 819 1011 1511 1992 1489 191 153 1036 73 2306 1088 26 332 806 623 295 1003 490 700 415 977 1973 927 1919 1842 851 2095 2024 1640 1447 1538 2415 68 1240
1225 1130 1311 1541 368 1970 1618 2057 782 2038 644 228 1782 439 2352 2121 1574 2141 2084 1659 24 774 1626 425 875 1682 986 317 2423 411 892 596 578 1920 2249 1330 133 235 1465 199 361 289 10 1290 79 1405 1008 1649 561 524
156 845 2225 1894 2202 1269 1990 2034 1098 1731 1146 1904 46 51 1390 263 1482 1321 1417 2386 2077 2268 1002 244 211 814 1151 2017 1326 223 1934 1309 2442 76 1431 125 1763 746 641 2391 789 455 1395 308 423 359 2350 376 421 2014
488 1136 1323 210 1237 1907 207 1836 716 1026 1295 331 1092 230 2155 1059 2006 1543 1069 460 932 2362 1156 821 2241 1996 2363 1493 182 309 2242 1371 2244 231 2217 1093 803 2000 580 498 1163 1928 1852 1319 2205 1740 668 656 794 408
1883 1560 541 434 1984 682 967 1385 1716 2433 502 854 1758 1453 1418 1670 654 1174 441 878 279 38 1144 748 443 894 981 1643 448 770 732 157 278 929 2040 800 327 1831 1152 2112 529 962 1107 413 1757 815 233 1353 499 2346
739 917 613 630 282 697 81 750 1303 995 2290 1938 55 558 1201 761 1709 881 1903 1474 710 202 281 248 765 664 1116 135 221 983 454 414 2460 520 1514 567 2119 1220 677 1267 1531 1581 712 1400 946 166 2435 1596 483 993
1006 2220 2445 693 1255 1289 1510 1672 1110 2329 863 1327 192 603 555 511 2133 1578 65 1486 1124 1185 540 1949 1210 1469 1180 2472 8 385 1030 389 2100 1020 1350 1370 349 1945 2378 52 2193 1297 1976 2160 2251 2280 1809 2218 1090 1424
592 1861 2067 1885 1989 1683 519 2426 1280 1328 1200 1837 103 1651 1497 333 1723 1341 2233 432 571 364 205 1645 1236 2367 1111 2418 1209 2366 1790 756 1769 3 970 2093 2480 335 145 4 1884 844 2129 1173 1155 2326 1590 197 2309 715
232 1045 254 751 784 1666 2277 1471 2431 1655 1635 1246 2454 2293 7 1823 1253 699 1373 1445 2152 965 1986 1089 1701 2490 1009 27 1799 745 1851 1797 2255 1830 871 1402 2409 2392 1507 2380 2317 1889 17 702 947 2440 1633 2056 188 1208
923 170 1776 353 2485 1913 1956 2308 835 1846 2471 557 1229 2070 2257 2145 1628 1070 400 2466 1582 352 485 2079 865 1161 1542 1235 796 1676 2403 1101 1667 477 2359 2073 663 1061 626 260 1871 757 2285 446 1301 539 1196 758 2101 108
1053 503 708 666 936 35 16 1664 71 1908 319 969 931 733 575 470 2222 463 2154 2339 1747 2488 1292 2372 1800 1408 509 1958 134 838 973 2315 1430 807 1791 646 738 1524 356 1082 925 392 2201 45 1623 583 270 730 2495 2142
2083 2345 1386 839 343 85 1512 2458 1232 1525 1198 1345 689 311 513 1261 1239 2138 1131 671 274 2248 1761 1906 1558 1035 1825 778 1771 1942 960 736 363 704 2425 78 887 823 379 365 1367 1620 165 804 1278 2482 1048 584 2229 572
1425 958 1125 234 1145 538 215 1521 1129 1396 1909 245 783 792 1029 1501 755 1219 21 1762 1619 1687 1162 1106 1123 2238 723 2464 1627 1074 150 1665 12 1451 1911 2054 870 298 980 325 1900 916 240 2226 456 2059 2199 1135 659 2135
858 29 87 1078 919 1929 548 1765 895 1700 741 1203 2325 33 2369 2344 2400 1320 2297 537 271 358 786 523 1170 1784 674 395 1686 698 722 922 1316 1547 2243 56 1854 1537 2252 1077 978 1337 1381 1689 900 2143 1998 687 1498 1876
2104 971 535 1158 445 728 285 1484 501 1632 2494 2090 2300 198 130 1310 512 2361 1190 447 1263 1221 1706 1881 1010 1205 882 737 585 1102 1376 399 2232 1142 277 1437 346 69 1117 1187 2178 1080 1936 1419 357 918 1519 2396 2156 1031
809 336 1103 1251 1865 2046 921 1019 2188 1959 1230 1276 458 91 729 2375 1188 208 665 1475 218 47 1775 2206 912 2343 1553 1354 790 2227 32 1726 1191 2003 1307 607 184 670 1971 1833 1985 1729 1438 1921 174 1231 121 577 11 1436
49 1788 259 2461 1121 855 1858 2356 2448 42 1126 1365 1444 1335 749 1536 2176 242 89 1866 1814 492 2332 1274 1075 2298 1224 573 1114 990 1896 1924 1127 1018 2234 1034 1532 1331 747 2429 2456 373 1197 2299 92 1770 2258 2035 1822 1223
1583 1572 54 649 472 1879 1467 869 1160 1859 2320 2045 1931 2459 1283 109 2053 189 2342 318 1869 1266 864 388 296 1756 911 2221 2157 1993 1963 1440 126 903 338 1841 1060 391 1313 1406 351 2184 1695 2393 1961 101 2149 2185 2481 1072
781 1648 1073 906 104 2322 1037 1930 1592 551 1609 1028 77 552 158 1845 37 2124 1488 2103 949 1079 1863 1262 175 1728 1476 549 2111 690 628 1377 531 1427 406 984 2284 1714 508 2009 2473 604 487 2207 1652 1715 2107 2382 127 2114
1222 2078 1749 564 1848 2061 846 565 1840 2447 489 621 195 2296 1065 1147 419 763 801 1513 684 2468 2208 426 1965 515 930 528 1549 868 718 1288 1576 2150 827 1580 2450 1766 622 1677 2051 2041 1477 2197 1202 773 486 938 2465 2139
1663 1168 1832 83 253 1226 194 2444 1242 2389 1679 1937 1062 2231 393 1778 113 2136 1 1867 2127 2033 321 2452 2177 1864 909 1653 1738 853 60 497 106 961 2159 1722 1895 926 322 2146 695 115 581 1358 1893 313 66 362 2301 1281
1041 636 516 874 2417 1291 2414 1802 2065 142 650 117 1953 2384 1039 1584 1673 653 600 634 328 1631 1044 1552 2140 1516 669 1941 2181 1033 1046 886 2469 1697 1457 1338 2091 1570 1939 57 2278 1517 180 1644 517 178 2168 857 1015 948
1602 267 475 1420 1518 772 1622 2260 1923 608 1997 2373 2250 137 1148 1375 2203 709 2272 397 476 2172 428 1352 840 1122 991 2092 1636 2330 1215 2122 1361 1565 799 1462 968 867 226 172 36 206 1824 953 457 2063 1268 1742 597 1104
344 160 95 237 1468 850 48 1334 2110 378 889 1960 2239 955 2353 1452 546 301 2388 642 2463 222 386 436 294 533 888 1520 2086 2026 84 2394 438 1134 1434 813 1658 1450 2254 2427 1368 1344 660 672 1735 129 1171 1137 673 1546
1703 2082 1428 1523 1826 933 326 2406 1182 1870 1804 1704 418 2144 15 484 1654 1454 2106 347 1575 2182 1944 633 2319 2151 1024 1875 1608 1380 2259 691 1887 616 90 345 506 2236 2196 2401 2441 602 1097 1391 859 530 1625 213 306 942
1905 1490 1674 593 1873 1515 1591 1181 1732 2377 167 2321 377 1880 609 1382 369 299 1720 1605 2109 1606 119 1821 1856 2493 598 576 2025 2187 146 706 2215 713 431 2407 2032 1383 355 1657 662 1597 1470 910 1786 1032 2161 2192 518 2279
2005 2312 2190 1969 2457 120 1662 1449 2484 1910 203 620 2449 707 1808 2097 1646 2412 985 1108 1392 639 1888 1585 2314 2411 2094 1143 2271 652 1684 1432 833 2288 275 1630 1615 1680 229 711 2002 1085 2261 1813 1816 1835 2408 1503 1922 777
1599 988 1214 2228 469 727 877 354 1999 606 1087 527 257 1499 2295 915 579 2126 676 619 612 1901 1247 640 1980 481 1435 1902 1624 2052 1587 1443 944 1423 802 2213 1325 19 1411 430 1955 643 647 2081 1027 1446 437 1340 526 1781
591 440 536 1112 2048 1359 1394 714 2360 771 2419 416 1668 893 1812 2102 2437 2371 1693 1705 216 1789 1244 98 168 2305 99 1491 2147 34 905 617 154 2080 2294 255 360 1932 560 465 1891 183 1975 323 2211 954 825 726 111 2416
280 268 1785 2270 2210 696 805 324 2137 2214 1259 2064 1563 1399 2074 1696 256 1917 963 1978 599 510 1952 329 224 1974 2307 97 559 1862 1064 2191 1886 1312 269 941 1500 2397 1656 2153 396 638 1612 124 648 1305 39 1119 632 480
371 1577 2436 1874 2313 284 102 2120 404 568 249 1227 2165 2131 2347 1441 1951 291 1545 1987 914 1362 688 1962 2430 2376 1843 1483 2116 2089 398 2247 836 181 657 2164 1772 1698 2062 409 348 491 1256 1796 155 2042 2023 1347 2230 1964
1641 193 1238 1257 522 2404 1569 147 464 1000 631 2170 1023 1166 1485 2383 1849 2085 2462 1551 72 367 1199 1946 1472 2029 31 837 1571 1567 266 587 2368 956 2246 1573 1795 1071 2331 422 9 2169 1779 1217 2113 816 873 1783 1049 2007
812 1533 1746 1022 417 1363 1025 1692 1504 405 468 1681 2500 1252 1847 286 219 1529 239 694 1562 1177 891 934 798 883 661 979 1154 719 162 2216 2455 828 563 2195 2039 776 1429 1272 974 2398 920 20 966 341 1369 852 1699 2004
943 225 2370 1329 1306 1234 897 627 734 1233 1150 1968 2489 1972 1943 2263 2496 1243 1356 907 1918 1478 1764 1611 1322 43 2071 500 467 2357 2076 2387 243 1528 185 679 2183 791 1184 824 2069 989 1828 164 569 764 547 131 826 720
1393 236 902 2491 952 110 705 2253 1925 678 474 1650 2340 247 1096 1248 2075 1258 1494 890 1194 542 717 1013 743 899 1844 141 904 179 1741 2148 505 629 2011 1426 241 2022 1678 1204 2047 1012 2402 427 896 2304 2072 1487 820 149
1264 2198 1550 999 2451 1189 1806 2 618 220 2096 2385 997 1206 1817 1708 1081 1133 1109 685 1594 2162 683 302 2303 2274 387 375 655 1556 2492 780 829 589 595 1995 1299 2128 614 1132 1753 760 2266 1739 1407 128 1967 107 2324 1730
1286 1115 1479 611 452 2420 305 1752 1539 830 96 924 1712 795 1977 1794 658 822 1249 1021 1898 494 945 74 1564 261 2399 1768 2117 381 2174 2318 459 1988 1737 2365 1421 63 1149 590 1051 2194 1927 265 330 570 2240 842 849 471
1954 1878 1401 1991 975 1455 453 112 2499 1713 5 735 651 2223 2028 1159 2108 40 2327 545 2037 1175 2316 82 2351 173 808 759 2395 1084 1245 724 350 196 2212 1138 1384 1780 2289 1332 1912 514 1105 1324 1017 1691 1877 1621 382 2390
1216 901 2245 2381 1218 412 201 1492 1063 788 2286 767 1522 1318 2171 769 588 1600 1270 957 88 2478 1661 1164 1275 394 251 2132 2477 2008 2405 2453 2358 59 1755 1464 1254 1819 1241 1004 996 227 2292 1509 1935 1047 2475 959 2099 372
