9832 1834 3722 2812 3614 8674 1617 2231 918 7423 9764 8845 5602 2864 5529 7621 6093 6235 6617 4827 4116 4102 453 4121 7252 843 3087 9720 3054 2163 8858 4364 4512 7490 7562 9357 5049 7287 7673 1793 736 6083 1500 9328 6995 4032 4901 154 5153 7696 1978 8201 3399 2720 528 1236 9130 6622 1259 1330 109 3076 1573 5908 473 9044 3730 5348 5231 9592 7067 2104 4809 216 1841 1232 3390 2900 7378 8677 4979 4277 8123 4400 6542 132 9432 1951 2476 8414 824 8519 598 6297 695 6421 9820 2496 4943
9723 1725 3613 2703 3505 8565 1508 2122 809 7314 9655 8736 5493 2755 5420 7512 5984 6126 6508 4718 4007 3993 344 4012 7143 734 2978 9611 2945 2054 8749 4255 4403 7381 7453 9248 4940 7178 7564 1684 627 5974 1391 9219 6886 3923 4792 45 5044 7587 1869 8092 3290 2611 419 1127 9021 6513 1150 1221 2967 1464 5799 364 8935 3621 5239 5122 9483 6958 1995 4700 107 1732 1123 3281 2791 7269 8568 4870 4168 8014 4291 6433 23 9323 1842 2367 8305 715 8410 489 6188 586 6312 9711 2387 4834
9700 1702 3590 2680 3482 8542 1485 2099 786 7291 9632 8713 5470 2732 5397 7489 5961 6103 6485 4695 3984 3970 321 3989 7120 711 2955 9588 2922 2031 8726 4232 4380 7358 7430 9225 4917 7155 7541 1661 604 5951 1368 9196 6863 3900 4769 22 5021 7564 1846 8069 3267 2588 396 1104 8998 6490 1127 1198 2944 1441 5776 341 8912 3598 5216 5099 9460 6935 1972 4677 84 1709 1100 3258 2768 7246 8545 4847 4145 7991 4268 6410 9300 1819 2344 8282 692 8387 466 6165 563 6289 9688 2364 4811
9678 1680 3568 2658 3460 8520 1463 2077 764 7269 9610 8691 5448 2710 5375 7467 5939 6081 6463 4673 3962 3948 299 3967 7098 689 2933 9566 2900 2009 8704 4210 4358 7336 7408 9203 4895 7133 7519 1639 582 5929 1346 9174 6841 3878 4747 4999 7542 1824 8047 3245 2566 374 1082 8976 6468 1105 1176 2922 1419 5754 319 8890 3576 5194 5077 9438 6913 1950 4655 62 1687 1078 3236 2746 7224 8523 4825 4123 7969 4246 6388 9278 1797 2322 8260 670 8365 444 6143 541 6267 9666 2342 4789
9616 1618 3506 2596 3398 8458 1401 2015 702 7207 9548 8629 5386 2648 5313 7405 5877 6019 6401 4611 3900 3886 237 3905 7036 627 2871 9504 2838 1947 8642 4148 4296 7274 7346 9141 4833 7071 7457 1577 520 5867 1284 9112 6779 3816 4685 4937 7480 1762 7985 3183 2504 312 1020 8914 6406 1043 1114 2860 1357 5692 257 8828 3514 5132 5015 9376 6851 1888 4593 1625 1016 3174 2684 7162 8461 4763 4061 7907 4184 6326 9216 1735 2260 8198 608 8303 382 6081 479 6205 9604 2280 4727
9379 1381 3269 2359 3161 8221 1164 1778 465 6970 9311 8392 5149 2411 5076 7168 5640 5782 6164 4374 3663 3649 3668 6799 390 2634 9267 2601 1710 8405 3911 4059 7037 7109 8904 4596 6834 7220 1340 283 5630 1047 8875 6542 3579 4448 4700 7243 1525 7748 2946 2267 75 783 8677 6169 806 877 2623 1120 5455 20 8591 3277 4895 4778 9139 6614 1651 4356 1388 779 2937 2447 6925 8224 4526 3824 7670 3947 6089 8979 1498 2023 7961 371 8066 145 5844 242 5968 9367 2043 4490
9359 1361 3249 2339 3141 8201 1144 1758 445 6950 9291 8372 5129 2391 5056 7148 5620 5762 6144 4354 3643 3629 3648 6779 370 2614 9247 2581 1690 8385 3891 4039 7017 7089 8884 4576 6814 7200 1320 263 5610 1027 8855 6522 3559 4428 4680 7223 1505 7728 2926 2247 55 763 8657 6149 786 857 2603 1100 5435 8571 3257 4875 4758 9119 6594 1631 4336 1368 759 2917 2427 6905 8204 4506 3804 7650 3927 6069 8959 1478 2003 7941 351 8046 125 5824 222 5948 9347 2023 4470
9304 1306 3194 2284 3086 8146 1089 1703 390 6895 9236 8317 5074 2336 5001 7093 5565 5707 6089 4299 3588 3574 3593 6724 315 2559 9192 2526 1635 8330 3836 3984 6962 7034 8829 4521 6759 7145 1265 208 5555 972 8800 6467 3504 4373 4625 7168 1450 7673 2871 2192 708 8602 6094 731 802 2548 1045 5380 8516 3202 4820 4703 9064 6539 1576 4281 1313 704 2862 2372 6850 8149 4451 3749 7595 3872 6014 8904 1423 1948 7886 296 7991 70 5769 167 5893 9292 1968 4415
9234 1236 3124 2214 3016 8076 1019 1633 320 6825 9166 8247 5004 2266 4931 7023 5495 5637 6019 4229 3518 3504 3523 6654 245 2489 9122 2456 1565 8260 3766 3914 6892 6964 8759 4451 6689 7075 1195 138 5485 902 8730 6397 3434 4303 4555 7098 1380 7603 2801 2122 638 8532 6024 661 732 2478 975 5310 8446 3132 4750 4633 8994 6469 1506 4211 1243 634 2792 2302 6780 8079 4381 3679 7525 3802 5944 8834 1353 1878 7816 226 7921 5699 97 5823 9222 1898 4345
9137 1139 3027 2117 2919 7979 922 1536 223 6728 9069 8150 4907 2169 4834 6926 5398 5540 5922 4132 3421 3407 3426 6557 148 2392 9025 2359 1468 8163 3669 3817 6795 6867 8662 4354 6592 6978 1098 41 5388 805 8633 6300 3337 4206 4458 7001 1283 7506 2704 2025 541 8435 5927 564 635 2381 878 5213 8349 3035 4653 4536 8897 6372 1409 4114 1146 537 2695 2205 6683 7982 4284 3582 7428 3705 5847 8737 1256 1781 7719 129 7824 5602 5726 9125 1801 4248
9096 1098 2986 2076 2878 7938 881 1495 182 6687 9028 8109 4866 2128 4793 6885 5357 5499 5881 4091 3380 3366 3385 6516 107 2351 8984 2318 1427 8122 3628 3776 6754 6826 8621 4313 6551 6937 1057 5347 764 8592 6259 3296 4165 4417 6960 1242 7465 2663 1984 500 8394 5886 523 594 2340 837 5172 8308 2994 4612 4495 8856 6331 1368 4073 1105 496 2654 2164 6642 7941 4243 3541 7387 3664 5806 8696 1215 1740 7678 88 7783 5561 5685 9084 1760 4207
9008 1010 2898 1988 2790 7850 793 1407 94 6599 8940 8021 4778 2040 4705 6797 5269 5411 5793 4003 3292 3278 3297 6428 19 2263 8896 2230 1339 8034 3540 3688 6666 6738 8533 4225 6463 6849 969 5259 676 8504 6171 3208 4077 4329 6872 1154 7377 2575 1896 412 8306 5798 435 506 2252 749 5084 8220 2906 4524 4407 8768 6243 1280 3985 1017 408 2566 2076 6554 7853 4155 3453 7299 3576 5718 8608 1127 1652 7590 7695 5473 5597 8996 1672 4119
8989 991 2879 1969 2771 7831 774 1388 75 6580 8921 8002 4759 2021 4686 6778 5250 5392 5774 3984 3273 3259 3278 6409 2244 8877 2211 1320 8015 3521 3669 6647 6719 8514 4206 6444 6830 950 5240 657 8485 6152 3189 4058 4310 6853 1135 7358 2556 1877 393 8287 5779 416 487 2233 730 5065 8201 2887 4505 4388 8749 6224 1261 3966 998 389 2547 2057 6535 7834 4136 3434 7280 3557 5699 8589 1108 1633 7571 7676 5454 5578 8977 1653 4100
8914 916 2804 1894 2696 7756 699 1313 6505 8846 7927 4684 1946 4611 6703 5175 5317 5699 3909 3198 3184 3203 6334 2169 8802 2136 1245 7940 3446 3594 6572 6644 8439 4131 6369 6755 875 5165 582 8410 6077 3114 3983 4235 6778 1060 7283 2481 1802 318 8212 5704 341 412 2158 655 4990 8126 2812 4430 4313 8674 6149 1186 3891 923 314 2472 1982 6460 7759 4061 3359 7205 3482 5624 8514 1033 1558 7496 7601 5379 5503 8902 1578 4025
8600 602 2490 1580 2382 7442 385 999 6191 8532 7613 4370 1632 4297 6389 4861 5003 5385 3595 2884 2870 2889 6020 1855 8488 1822 931 7626 3132 3280 6258 6330 8125 3817 6055 6441 561 4851 268 8096 5763 2800 3669 3921 6464 746 6969 2167 1488 4 7898 5390 27 98 1844 341 4676 7812 2498 4116 3999 8360 5835 872 3577 609 2158 1668 6146 7445 3747 3045 6891 3168 5310 8200 719 1244 7182 7287 5065 5189 8588 1264 3711
8596 598 2486 1576 2378 7438 381 995 6187 8528 7609 4366 1628 4293 6385 4857 4999 5381 3591 2880 2866 2885 6016 1851 8484 1818 927 7622 3128 3276 6254 6326 8121 3813 6051 6437 557 4847 264 8092 5759 2796 3665 3917 6460 742 6965 2163 1484 7894 5386 23 94 1840 337 4672 7808 2494 4112 3995 8356 5831 868 3573 605 2154 1664 6142 7441 3743 3041 6887 3164 5306 8196 715 1240 7178 7283 5061 5185 8584 1260 3707
8573 575 2463 1553 2355 7415 358 972 6164 8505 7586 4343 1605 4270 6362 4834 4976 5358 3568 2857 2843 2862 5993 1828 8461 1795 904 7599 3105 3253 6231 6303 8098 3790 6028 6414 534 4824 241 8069 5736 2773 3642 3894 6437 719 6942 2140 1461 7871 5363 71 1817 314 4649 7785 2471 4089 3972 8333 5808 845 3550 582 2131 1641 6119 7418 3720 3018 6864 3141 5283 8173 692 1217 7155 7260 5038 5162 8561 1237 3684
8502 504 2392 1482 2284 7344 287 901 6093 8434 7515 4272 1534 4199 6291 4763 4905 5287 3497 2786 2772 2791 5922 1757 8390 1724 833 7528 3034 3182 6160 6232 8027 3719 5957 6343 463 4753 170 7998 5665 2702 3571 3823 6366 648 6871 2069 1390 7800 5292 1746 243 4578 7714 2400 4018 3901 8262 5737 774 3479 511 2060 1570 6048 7347 3649 2947 6793 3070 5212 8102 621 1146 7084 7189 4967 5091 8490 1166 3613
8332 334 2222 1312 2114 7174 117 731 5923 8264 7345 4102 1364 4029 6121 4593 4735 5117 3327 2616 2602 2621 5752 1587 8220 1554 663 7358 2864 3012 5990 6062 7857 3549 5787 6173 293 4583 7828 5495 2532 3401 3653 6196 478 6701 1899 1220 7630 5122 1576 73 4408 7544 2230 3848 3731 8092 5567 604 3309 341 1890 1400 5878 7177 3479 2777 6623 2900 5042 7932 451 976 6914 7019 4797 4921 8320 996 3443
8259 261 2149 1239 2041 7101 44 658 5850 8191 7272 4029 1291 3956 6048 4520 4662 5044 3254 2543 2529 2548 5679 1514 8147 1481 590 7285 2791 2939 5917 5989 7784 3476 5714 6100 220 4510 7755 5422 2459 3328 3580 6123 405 6628 1826 1147 7557 5049 1503 4335 7471 2157 3775 3658 8019 5494 531 3236 268 1817 1327 5805 7104 3406 2704 6550 2827 4969 7859 378 903 6841 6946 4724 4848 8247 923 3370
8215 217 2105 1195 1997 7057 614 5806 8147 7228 3985 1247 3912 6004 4476 4618 5000 3210 2499 2485 2504 5635 1470 8103 1437 546 7241 2747 2895 5873 5945 7740 3432 5670 6056 176 4466 7711 5378 2415 3284 3536 6079 361 6584 1782 1103 7513 5005 1459 4291 7427 2113 3731 3614 7975 5450 487 3192 224 1773 1283 5761 7060 3362 2660 6506 2783 4925 7815 334 859 6797 6902 4680 4804 8203 879 3326
8039 41 1929 1019 1821 6881 438 5630 7971 7052 3809 1071 3736 5828 4300 4442 4824 3034 2323 2309 2328 5459 1294 7927 1261 370 7065 2571 2719 5697 5769 7564 3256 5494 5880 4290 7535 5202 2239 3108 3360 5903 185 6408 1606 927 7337 4829 1283 4115 7251 1937 3555 3438 7799 5274 311 3016 48 1597 1107 5585 6884 3186 2484 6330 2607 4749 7639 158 683 6621 6726 4504 4628 8027 703 3150
7998 1888 978 1780 6840 397 5589 7930 7011 3768 1030 3695 5787 4259 4401 4783 2993 2282 2268 2287 5418 1253 7886 1220 329 7024 2530 2678 5656 5728 7523 3215 5453 5839 4249 7494 5161 2198 3067 3319 5862 144 6367 1565 886 7296 4788 1242 4074 7210 1896 3514 3397 7758 5233 270 2975 7 1556 1066 5544 6843 3145 2443 6289 2566 4708 7598 117 642 6580 6685 4463 4587 7986 662 3109
7991 1881 971 1773 6833 390 5582 7923 7004 3761 1023 3688 5780 4252 4394 4776 2986 2275 2261 2280 5411 1246 7879 1213 322 7017 2523 2671 5649 5721 7516 3208 5446 5832 4242 7487 5154 2191 3060 3312 5855 137 6360 1558 879 7289 4781 1235 4067 7203 1889 3507 3390 7751 5226 263 2968 1549 1059 5537 6836 3138 2436 6282 2559 4701 7591 110 635 6573 6678 4456 4580 7979 655 3102
7881 1771 861 1663 6723 280 5472 7813 6894 3651 913 3578 5670 4142 4284 4666 2876 2165 2151 2170 5301 1136 7769 1103 212 6907 2413 2561 5539 5611 7406 3098 5336 5722 4132 7377 5044 2081 2950 3202 5745 27 6250 1448 769 7179 4671 1125 3957 7093 1779 3397 3280 7641 5116 153 2858 1439 949 5427 6726 3028 2326 6172 2449 4591 7481 525 6463 6568 4346 4470 7869 545 2992
7854 1744 834 1636 6696 253 5445 7786 6867 3624 886 3551 5643 4115 4257 4639 2849 2138 2124 2143 5274 1109 7742 1076 185 6880 2386 2534 5512 5584 7379 3071 5309 5695 4105 7350 5017 2054 2923 3175 5718 6223 1421 742 7152 4644 1098 3930 7066 1752 3370 3253 7614 5089 126 2831 1412 922 5400 6699 3001 2299 6145 2422 4564 7454 498 6436 6541 4319 4443 7842 518 2965
7728 1618 708 1510 6570 127 5319 7660 6741 3498 760 3425 5517 3989 4131 4513 2723 2012 1998 2017 5148 983 7616 950 59 6754 2260 2408 5386 5458 7253 2945 5183 5569 3979 7224 4891 1928 2797 3049 5592 6097 1295 616 7026 4518 972 3804 6940 1626 3244 3127 7488 4963 2705 1286 796 5274 6573 2875 2173 6019 2296 4438 7328 372 6310 6415 4193 4317 7716 392 2839
7669 1559 649 1451 6511 68 5260 7601 6682 3439 701 3366 5458 3930 4072 4454 2664 1953 1939 1958 5089 924 7557 891 6695 2201 2349 5327 5399 7194 2886 5124 5510 3920 7165 4832 1869 2738 2990 5533 6038 1236 557 6967 4459 913 3745 6881 1567 3185 3068 7429 4904 2646 1227 737 5215 6514 2816 2114 5960 2237 4379 7269 313 6251 6356 4134 4258 7657 333 2780
7601 1491 581 1383 6443 5192 7533 6614 3371 633 3298 5390 3862 4004 4386 2596 1885 1871 1890 5021 856 7489 823 6627 2133 2281 5259 5331 7126 2818 5056 5442 3852 7097 4764 1801 2670 2922 5465 5970 1168 489 6899 4391 845 3677 6813 1499 3117 3000 7361 4836 2578 1159 669 5147 6446 2748 2046 5892 2169 4311 7201 245 6183 6288 4066 4190 7589 265 2712
7356 1246 336 1138 6198 4947 7288 6369 3126 388 3053 5145 3617 3759 4141 2351 1640 1626 1645 4776 611 7244 578 6382 1888 2036 5014 5086 6881 2573 4811 5197 3607 6852 4519 1556 2425 2677 5220 5725 923 244 6654 4146 600 3432 6568 1254 2872 2755 7116 4591 2333 914 424 4902 6201 2503 1801 5647 1924 4066 6956 5938 6043 3821 3945 7344 20 2467
7336 1226 316 1118 6178 4927 7268 6349 3106 368 3033 5125 3597 3739 4121 2331 1620 1606 1625 4756 591 7224 558 6362 1868 2016 4994 5066 6861 2553 4791 5177 3587 6832 4499 1536 2405 2657 5200 5705 903 224 6634 4126 580 3412 6548 1234 2852 2735 7096 4571 2313 894 404 4882 6181 2483 1781 5627 1904 4046 6936 5918 6023 3801 3925 7324 2447
7112 1002 92 894 5954 4703 7044 6125 2882 144 2809 4901 3373 3515 3897 2107 1396 1382 1401 4532 367 7000 334 6138 1644 1792 4770 4842 6637 2329 4567 4953 3363 6608 4275 1312 2181 2433 4976 5481 679 6410 3902 356 3188 6324 1010 2628 2511 6872 4347 2089 670 180 4658 5957 2259 1557 5403 1680 3822 6712 5694 5799 3577 3701 7100 2223
7020 910 802 5862 4611 6952 6033 2790 52 2717 4809 3281 3423 3805 2015 1304 1290 1309 4440 275 6908 242 6046 1552 1700 4678 4750 6545 2237 4475 4861 3271 6516 4183 1220 2089 2341 4884 5389 587 6318 3810 264 3096 6232 918 2536 2419 6780 4255 1997 578 88 4566 5865 2167 1465 5311 1588 3730 6620 5602 5707 3485 3609 7008 2131
6968 858 750 5810 4559 6900 5981 2738 2665 4757 3229 3371 3753 1963 1252 1238 1257 4388 223 6856 190 5994 1500 1648 4626 4698 6493 2185 4423 4809 3219 6464 4131 1168 2037 2289 4832 5337 535 6266 3758 212 3044 6180 866 2484 2367 6728 4203 1945 526 36 4514 5813 2115 1413 5259 1536 3678 6568 5550 5655 3433 3557 6956 2079
6932 822 714 5774 4523 6864 5945 2702 2629 4721 3193 3335 3717 1927 1216 1202 1221 4352 187 6820 154 5958 1464 1612 4590 4662 6457 2149 4387 4773 3183 6428 4095 1132 2001 2253 4796 5301 499 6230 3722 176 3008 6144 830 2448 2331 6692 4167 1909 490 4478 5777 2079 1377 5223 1500 3642 6532 5514 5619 3397 3521 6920 2043
6778 668 560 5620 4369 6710 5791 2548 2475 4567 3039 3181 3563 1773 1062 1048 1067 4198 33 6666 5804 1310 1458 4436 4508 6303 1995 4233 4619 3029 6274 3941 978 1847 2099 4642 5147 345 6076 3568 22 2854 5990 676 2294 2177 6538 4013 1755 336 4324 5623 1925 1223 5069 1346 3488 6378 5360 5465 3243 3367 6766 1889
6756 646 538 5598 4347 6688 5769 2526 2453 4545 3017 3159 3541 1751 1040 1026 1045 4176 11 6644 5782 1288 1436 4414 4486 6281 1973 4211 4597 3007 6252 3919 956 1825 2077 4620 5125 323 6054 3546 2832 5968 654 2272 2155 6516 3991 1733 314 4302 5601 1903 1201 5047 1324 3466 6356 5338 5443 3221 3345 6744 1867
6745 635 527 5587 4336 6677 5758 2515 2442 4534 3006 3148 3530 1740 1029 1015 1034 4165 6633 5771 1277 1425 4403 4475 6270 1962 4200 4586 2996 6241 3908 945 1814 2066 4609 5114 312 6043 3535 2821 5957 643 2261 2144 6505 3980 1722 303 4291 5590 1892 1190 5036 1313 3455 6345 5327 5432 3210 3334 6733 1856
6442 332 224 5284 4033 6374 5455 2212 2139 4231 2703 2845 3227 1437 726 712 731 3862 6330 5468 974 1122 4100 4172 5967 1659 3897 4283 2693 5938 3605 642 1511 1763 4306 4811 9 5740 3232 2518 5654 340 1958 1841 6202 3677 1419 3988 5287 1589 887 4733 1010 3152 6042 5024 5129 2907 3031 6430 1553
6433 323 215 5275 4024 6365 5446 2203 2130 4222 2694 2836 3218 1428 717 703 722 3853 6321 5459 965 1113 4091 4163 5958 1650 3888 4274 2684 5929 3596 633 1502 1754 4297 4802 5731 3223 2509 5645 331 1949 1832 6193 3668 1410 3979 5278 1580 878 4724 1001 3143 6033 5015 5120 2898 3022 6421 1544
6218 108 5060 3809 6150 5231 1988 1915 4007 2479 2621 3003 1213 502 488 507 3638 6106 5244 750 898 3876 3948 5743 1435 3673 4059 2469 5714 3381 418 1287 1539 4082 4587 5516 3008 2294 5430 116 1734 1617 5978 3453 1195 3764 5063 1365 663 4509 786 2928 5818 4800 4905 2683 2807 6206 1329
6110 4952 3701 6042 5123 1880 1807 3899 2371 2513 2895 1105 394 380 399 3530 5998 5136 642 790 3768 3840 5635 1327 3565 3951 2361 5606 3273 310 1179 1431 3974 4479 5408 2900 2186 5322 8 1626 1509 5870 3345 1087 3656 4955 1257 555 4401 678 2820 5710 4692 4797 2575 2699 6098 1221
6102 4944 3693 6034 5115 1872 1799 3891 2363 2505 2887 1097 386 372 391 3522 5990 5128 634 782 3760 3832 5627 1319 3557 3943 2353 5598 3265 302 1171 1423 3966 4471 5400 2892 2178 5314 1618 1501 5862 3337 1079 3648 4947 1249 547 4393 670 2812 5702 4684 4789 2567 2691 6090 1213
5800 4642 3391 5732 4813 1570 1497 3589 2061 2203 2585 795 84 70 89 3220 5688 4826 332 480 3458 3530 5325 1017 3255 3641 2051 5296 2963 869 1121 3664 4169 5098 2590 1876 5012 1316 1199 5560 3035 777 3346 4645 947 245 4091 368 2510 5400 4382 4487 2265 2389 5788 911
5730 4572 3321 5662 4743 1500 1427 3519 1991 2133 2515 725 14 19 3150 5618 4756 262 410 3388 3460 5255 947 3185 3571 1981 5226 2893 799 1051 3594 4099 5028 2520 1806 4942 1246 1129 5490 2965 707 3276 4575 877 175 4021 298 2440 5330 4312 4417 2195 2319 5718 841
5716 4558 3307 5648 4729 1486 1413 3505 1977 2119 2501 711 5 3136 5604 4742 248 396 3374 3446 5241 933 3171 3557 1967 5212 2879 785 1037 3580 4085 5014 2506 1792 4928 1232 1115 5476 2951 693 3262 4561 863 161 4007 284 2426 5316 4298 4403 2181 2305 5704 827
5711 4553 3302 5643 4724 1481 1408 3500 1972 2114 2496 706 3131 5599 4737 243 391 3369 3441 5236 928 3166 3552 1962 5207 2874 780 1032 3575 4080 5009 2501 1787 4923 1227 1110 5471 2946 688 3257 4556 858 156 4002 279 2421 5311 4293 4398 2176 2300 5699 822
5555 4397 3146 5487 4568 1325 1252 3344 1816 1958 2340 550 2975 5443 4581 87 235 3213 3285 5080 772 3010 3396 1806 5051 2718 624 876 3419 3924 4853 2345 1631 4767 1071 954 5315 2790 532 3101 4400 702 3846 123 2265 5155 4137 4242 2020 2144 5543 666
5468 4310 3059 5400 4481 1238 1165 3257 1729 1871 2253 463 2888 5356 4494 148 3126 3198 4993 685 2923 3309 1719 4964 2631 537 789 3332 3837 4766 2258 1544 4680 984 867 5228 2703 445 3014 4313 615 3759 36 2178 5068 4050 4155 1933 2057 5456 579
5432 4274 3023 5364 4445 1202 1129 3221 1693 1835 2217 427 2852 5320 4458 112 3090 3162 4957 649 2887 3273 1683 4928 2595 501 753 3296 3801 4730 2222 1508 4644 948 831 5192 2667 409 2978 4277 579 3723 2142 5032 4014 4119 1897 2021 5420 543
5320 4162 2911 5252 4333 1090 1017 3109 1581 1723 2105 315 2740 5208 4346 2978 3050 4845 537 2775 3161 1571 4816 2483 389 641 3184 3689 4618 2110 1396 4532 836 719 5080 2555 297 2866 4165 467 3611 2030 4920 3902 4007 1785 1909 5308 431
5023 3865 2614 4955 4036 793 720 2812 1284 1426 1808 18 2443 4911 4049 2681 2753 4548 240 2478 2864 1274 4519 2186 92 344 2887 3392 4321 1813 1099 4235 539 422 4783 2258 2569 3868 170 3314 1733 4623 3605 3710 1488 1612 5011 134
5005 3847 2596 4937 4018 775 702 2794 1266 1408 1790 2425 4893 4031 2663 2735 4530 222 2460 2846 1256 4501 2168 74 326 2869 3374 4303 1795 1081 4217 521 404 4765 2240 2551 3850 152 3296 1715 4605 3587 3692 1470 1594 4993 116
4931 3773 2522 4863 3944 701 628 2720 1192 1334 1716 2351 4819 3957 2589 2661 4456 148 2386 2772 1182 4427 2094 252 2795 3300 4229 1721 1007 4143 447 330 4691 2166 2477 3776 78 3222 1641 4531 3513 3618 1396 1520 4919 42
4889 3731 2480 4821 3902 659 586 2678 1150 1292 1674 2309 4777 3915 2547 2619 4414 106 2344 2730 1140 4385 2052 210 2753 3258 4187 1679 965 4101 405 288 4649 2124 2435 3734 36 3180 1599 4489 3471 3576 1354 1478 4877
4853 3695 2444 4785 3866 623 550 2642 1114 1256 1638 2273 4741 3879 2511 2583 4378 70 2308 2694 1104 4349 2016 174 2717 3222 4151 1643 929 4065 369 252 4613 2088 2399 3698 3144 1563 4453 3435 3540 1318 1442 4841
4783 3625 2374 4715 3796 553 480 2572 1044 1186 1568 2203 4671 3809 2441 2513 4308 2238 2624 1034 4279 1946 104 2647 3152 4081 1573 859 3995 299 182 4543 2018 2329 3628 3074 1493 4383 3365 3470 1248 1372 4771
4679 3521 2270 4611 3692 449 376 2468 940 1082 1464 2099 4567 3705 2337 2409 4204 2134 2520 930 4175 1842 2543 3048 3977 1469 755 3891 195 78 4439 1914 2225 3524 2970 1389 4279 3261 3366 1144 1268 4667
4601 3443 2192 4533 3614 371 298 2390 862 1004 1386 2021 4489 3627 2259 2331 4126 2056 2442 852 4097 1764 2465 2970 3899 1391 677 3813 117 4361 1836 2147 3446 2892 1311 4201 3183 3288 1066 1190 4589
4484 3326 2075 4416 3497 254 181 2273 745 887 1269 1904 4372 3510 2142 2214 4009 1939 2325 735 3980 1647 2348 2853 3782 1274 560 3696 4244 1719 2030 3329 2775 1194 4084 3066 3171 949 1073 4472
4303 3145 1894 4235 3316 73 2092 564 706 1088 1723 4191 3329 1961 2033 3828 1758 2144 554 3799 1466 2167 2672 3601 1093 379 3515 4063 1538 1849 3148 2594 1013 3903 2885 2990 768 892 4291
4230 3072 1821 4162 3243 2019 491 633 1015 1650 4118 3256 1888 1960 3755 1685 2071 481 3726 1393 2094 2599 3528 1020 306 3442 3990 1465 1776 3075 2521 940 3830 2812 2917 695 819 4218
3924 2766 1515 3856 2937 1713 185 327 709 1344 3812 2950 1582 1654 3449 1379 1765 175 3420 1087 1788 2293 3222 714 3136 3684 1159 1470 2769 2215 634 3524 2506 2611 389 513 3912
3749 2591 1340 3681 2762 1538 10 152 534 1169 3637 2775 1407 1479 3274 1204 1590 3245 912 1613 2118 3047 539 2961 3509 984 1295 2594 2040 459 3349 2331 2436 214 338 3737
3739 2581 1330 3671 2752 1528 142 524 1159 3627 2765 1397 1469 3264 1194 1580 3235 902 1603 2108 3037 529 2951 3499 974 1285 2584 2030 449 3339 2321 2426 204 328 3727
3597 2439 1188 3529 2610 1386 382 1017 3485 2623 1255 1327 3122 1052 1438 3093 760 1461 1966 2895 387 2809 3357 832 1143 2442 1888 307 3197 2179 2284 62 186 3585
3535 2377 1126 3467 2548 1324 320 955 3423 2561 1193 1265 3060 990 1376 3031 698 1399 1904 2833 325 2747 3295 770 1081 2380 1826 245 3135 2117 2222 124 3523
3411 2253 1002 3343 2424 1200 196 831 3299 2437 1069 1141 2936 866 1252 2907 574 1275 1780 2709 201 2623 3171 646 957 2256 1702 121 3011 1993 2098 3399
3290 2132 881 3222 2303 1079 75 710 3178 2316 948 1020 2815 745 1131 2786 453 1154 1659 2588 80 2502 3050 525 836 2135 1581 2890 1872 1977 3278
3215 2057 806 3147 2228 1004 635 3103 2241 873 945 2740 670 1056 2711 378 1079 1584 2513 5 2427 2975 450 761 2060 1506 2815 1797 1902 3203
3210 2052 801 3142 2223 999 630 3098 2236 868 940 2735 665 1051 2706 373 1074 1579 2508 2422 2970 445 756 2055 1501 2810 1792 1897 3198
2837 1679 428 2769 1850 626 257 2725 1863 495 567 2362 292 678 2333 701 1206 2135 2049 2597 72 383 1682 1128 2437 1419 1524 2825
2765 1607 356 2697 1778 554 185 2653 1791 423 495 2290 220 606 2261 629 1134 2063 1977 2525 311 1610 1056 2365 1347 1452 2753
2580 1422 171 2512 1593 369 2468 1606 238 310 2105 35 421 2076 444 949 1878 1792 2340 126 1425 871 2180 1162 1267 2568
2545 1387 136 2477 1558 334 2433 1571 203 275 2070 386 2041 409 914 1843 1757 2305 91 1390 836 2145 1127 1232 2533
2454 1296 45 2386 1467 243 2342 1480 112 184 1979 295 1950 318 823 1752 1666 2214 1299 745 2054 1036 1141 2442
2409 1251 2341 1422 198 2297 1435 67 139 1934 250 1905 273 778 1707 1621 2169 1254 700 2009 991 1096 2397
2342 1184 2274 1355 131 2230 1368 72 1867 183 1838 206 711 1640 1554 2102 1187 633 1942 924 1029 2330
2270 1112 2202 1283 59 2158 1296 1795 111 1766 134 639 1568 1482 2030 1115 561 1870 852 957 2258
2211 1053 2143 1224 2099 1237 1736 52 1707 75 580 1509 1423 1971 1056 502 1811 793 898 2199
2159 1001 2091 1172 2047 1185 1684 1655 23 528 1457 1371 1919 1004 450 1759 741 846 2147
2136 978 2068 1149 2024 1162 1661 1632 505 1434 1348 1896 981 427 1736 718 823 2124
1709 551 1641 722 1597 735 1234 1205 78 1007 921 1469 554 1309 291 396 1697
1631 473 1563 644 1519 657 1156 1127 929 843 1391 476 1231 213 318 1619
1418 260 1350 431 1306 444 943 914 716 630 1178 263 1018 105 1406
1313 155 1245 326 1201 339 838 809 611 525 1073 158 913 1301
1158 1090 171 1046 184 683 654 456 370 918 3 758 1146
1155 1087 168 1043 181 680 651 453 367 915 755 1143
987 919 875 13 512 483 285 199 747 587 975
974 906 862 499 470 272 186 734 574 962
788 720 676 313 284 86 548 388 776
702 634 590 227 198 462 302 690
504 436 392 29 264 104 492
475 407 363 235 75 463
400 332 288 160 388
240 172 128 228
112 44 100
68 56
12
