-10876
-10646
-8868
-8868
-8868
-8868
-8868
-8868
-8868
-8868
-8668
-8426
-8380
-8310
-8302
-6352
-6322
-6302
-6302
-6302
-6284
-6002
-5986
-5918
-4140
-3966
-3336
-3306
-3306
-3306
-3306
-3306
-3306
-3306
-3306
-3306
-1646
-1550
-1420
-1386
-1200
-1178
-1174
-1146
-1020
-696
-688
-554
-554
-554
-554
-554
-554
-522
-480
-394
-336
-208
-164
-112
-12
1052
1052
1052
1052
1052
1052
1052
1480
1604
1778
3171
3171
3171
3171
3262
3592
3860
4320
4496
5984
5984
5984
5984
5984
5984
5984
5984
6434
6582
6970
7366
9136
9338
9462
9480
9616
9660
10380
10436
