-1089287090980148437
-1089286382478702801
-1089278297449539473
-1089276092301722533
-1089259087984097289
-1089188123238224035
-1089160390761659653
-1089136754543257247
-1089128405922493197
-1089120297178102735
-1089120209750107201
-1089115773374171321
-1089113137061402873
-1089097911864179903
-1089050781456118555
-1089037009971858073
-1088939060096741461
-1088925677403844583
-1088866827607770833
-1088863417397310221
-1088835100009528851
-1088823185359766651
-1088798975210302319
-1088775255248201835
-1088774487098319015
-1088765511062409879
-1088763202733335571
-1088692457590269769
-1088670214306787949
-1088666581145773225
-1088651122040850359
-1088641893596107171
-1088633215052897231
-1088609013069278229
-1088580013843609377
-1088565544904471531
-1088474285717268111
-1088469941794116885
-1088403318490631279
-1088401355811979253
-1088394531424609329
-1088387923707437943
-1088376357169802563
-1088329563592418591
-1088272810994937029
-1088271760521251425
-1088237312688322985
-1088228658822489703
-1088192381079393667
-1088159229427851693
-1088110190454661641
-1088107907872953619
-1088104187273463283
-1088022656691031567
-1088002738118884803
-1087988203804543893
-1087975981846945337
-1087971109000756643
-1087824073821212047
-1087810794931683879
-1087757771176540921
-1087750734189866311
-1087740594838913947
-1087692257306545819
-1087677259046817491
-1087676601939193349
-1087634837325829623
-1087595260816311601
-1087555742258056973
-1087529546147715207
-1087517658733739937
-1087512233695333293
-1087508738142187141
-1087459182778136661
-1087428136159800997
-1087418824318862019
-996398207686827157
-996398207686827157
-996398207686827157
-996398207686827157
-996398207686827157
-996398207686827157
-996398207686827157
-996398207686827157
-996398207686827157
-996398207686827157
-996398207686827157
-996398207686827157
-996398207686827157
-996398207686827157
-996398207686827157
-996398207686827157
-996398207686827157
-996398207686827157
-996398207686827157
-996398207686827157
-996398207686827157
-996398207686827157
-996398207686827157
-996398207686827157
-996398207686827157
-996398207686827157
-996398207686827157
-996398207686827157
-996398207686827157
-996398207686827157
-996398207686827157
-996398207686827157
-996398207686827157
-996398207686827157
-996398207686827157
-996398207686827157
-996398207686827157
-996398207686827157
-996398207686827157
-996398207686827157
-996398207686827157
-996398207686827157
-996398207686827157
-996398207686827157
-996398207686827157
-996398207686827157
-996398207686827157
-996398207686827157
-996398207686827157
-996398207686827157
-996398207686827157
-996398207686827157
-996398207686827157
-996398207686827157
-996398207686827157
-996398207686827157
-996398207686827157
-996398207686827157
-996398207686827157
-996398207686827157
-996398207686827157
-996398207686827157
-996398207686827157
-996398207686827157
-996398207686827157
-996398207686827157
-996398207686827157
-996398207686827157
-996398207686827157
-996398207686827157
-996398207686827157
-996398207686827157
-996398207686827157
-996398207686827157
-996398207686827157
-996398207686827157
-996398207686827157
-996398207686827157
-996398207686827157
-996398207686827157
-996398207686827157
-996398207686827157
-996398207686827157
-996398207686827157
-996398207686827157
-996398207686827157
-996398207686827157
-996398207686827157
-996398207686827157
-996398207686827157
-996398207686827157
-996398207686827157
-996398207686827157
-996398207686827157
-996398207686827157
-996398207686827157
-996398207686827157
-996398207686827157
-996398207686827157
-996398207686827157
-996398207686827157
-996398207686827157
-996398207686827157
-996398207686827157
-996398207686827157
-996398207686827157
-996398207686827157
-996398207686827157
-980876294230823832
-980876294230823832
-980876294230823832
-980876294230823832
-980876294230823832
-980876294230823832
-980876294230823832
-980876294230823832
-980876294230823832
-980876294230823832
-980876294230823832
-980876294230823832
-980876294230823832
-980876294230823832
-980876294230823832
-980876294230823832
-980876294230823832
-980876294230823832
-980876294230823832
-980876294230823832
-980876294230823832
-980876294230823832
-980876294230823832
-980876294230823832
-980876294230823832
-980876294230823832
-980876294230823832
-980876294230823832
-980876294230823832
-980876294230823832
-980876294230823832
-980876294230823832
-980876294230823832
-980876294230823832
-980876294230823832
-980876294230823832
-980876294230823832
-980876294230823832
-980876294230823832
-980876294230823832
-980876294230823832
-980876294230823832
-980876294230823832
-980876294230823832
-980876294230823832
-980876294230823832
-980876294230823832
-980876294230823832
-980876294230823832
-980876294230823832
-980876294230823832
-980876294230823832
-980876294230823832
-980876294230823832
-980876294230823832
-980876294230823832
-980876294230823832
-980876294230823832
-980876294230823832
-980876294230823832
-980876294230823832
-980876294230823832
-980876294230823832
-980876294230823832
-980876294230823832
-980876294230823832
-980876294230823832
-980876294230823832
-980876294230823832
-980876294230823832
-980876294230823832
-980876294230823832
-980876294230823832
-980876294230823832
-980876294230823832
-980876294230823832
-980876294230823832
-980876294230823832
-980876294230823832
-980876294230823832
-980876294230823832
-980876294230823832
-980876294230823832
-980876294230823832
-980876294230823832
-980876294230823832
-996398207686827157
-996398207686827157
-996398207686827157
-996398207686827157
-996398207686827157
-996398207686827157
-996398207686827157
-996398207686827157
-996398207686827157
-996398207686827157
-996398207686827157
-996398207686827157
-996398207686827157
-996398207686827157
-996398207686827157
-996398207686827157
-996398207686827157
-996398207686827157
-996398207686827157
-996398207686827157
-996398207686827157
-996398207686827157
-996398207686827157
-996398207686827157
-996398207686827157
-996398207686827157
-996398207686827157
-996398207686827157
-996398207686827157
-996398207686827157
-996398207686827157
-996398207686827157
-996398207686827157
-996398207686827157
-996398207686827157
-996398207686827157
-996398207686827157
-996398207686827157
-996398207686827157
-996398207686827157
-996398207686827157
-996398207686827157
-996398207686827157
-996398207686827157
-996398207686827157
-996398207686827157
-996398207686827157
-996398207686827157
-996398207686827157
-996398207686827157
-996398207686827157
-996398207686827157
-996398207686827157
-996398207686827157
-996398207686827157
-996398207686827157
-996398207686827157
-996398207686827157
-996398207686827157
-996398207686827157
-996398207686827157
-996398207686827157
-996398207686827157
-996398207686827157
-996398207686827157
-996398207686827157
-996398207686827157
-996398207686827157
-996398207686827157
-996398207686827157
-996398207686827157
-996398207686827157
-996398207686827157
-996398207686827157
-996398207686827157
-996398207686827157
-996398207686827157
-996398207686827157
-996398207686827157
-996398207686827157
-996398207686827157
-996398207686827157
-996398207686827157
-996398207686827157
-996398207686827157
-996398207686827157
-996398207686827157
-996398207686827157
-996398207686827157
-996398207686827157
-996398207686827157
-996398207686827157
-996398207686827157
-996398207686827157
-996398207686827157
-996398207686827157
-996398207686827157
-996398207686827157
-996398207686827157
-996398207686827157
-996398207686827157
-996398207686827157
-996398207686827157
-996398207686827157
-996398207686827157
-996398207686827157
-996398207686827157
-996398207686827157
-996398207686827157
-996398207686827157
-996398207686827157
-996398207686827157
-996398207686827157
-996398207686827157
-996398207686827157
-996398207686827157
-996398207686827157
-996398207686827157
-996398207686827157
-996398207686827157
-996398207686827157
-996398207686827157
-996398207686827157
-996398207686827157
-996398207686827157
-996398207686827157
-996398207686827157
-996398207686827157
-996398207686827157
-996398207686827157
-996398207686827157
-996398207686827157
-996398207686827157
-996398207686827157
-996398207686827157
-996398207686827157
-996398207686827157
-996398207686827157
-996398207686827157
-996398207686827157
-996398207686827157
-996398207686827157
-996398207686827157
-996398207686827157
-996398207686827157
-996398207686827157
-996398207686827157
-996398207686827157
-996398207686827157
-996398207686827157
-996398207686827157
-996398207686827157
-996398207686827157
-996398207686827157
-996398207686827157
-996398207686827157
-996398207686827157
-996398207686827157
-996398207686827157
-996398207686827157
-996398207686827157
-996398207686827157
-996398207686827157
-996398207686827157
-996398207686827157
-996398207686827157
-996398207686827157
-996398207686827157
-996398207686827157
-996398207686827157
-996398207686827157
-996398207686827157
-996398207686827157
-996398207686827157
-996398207686827157
-996398207686827157
-996398207686827157
-996398207686827157
-996398207686827157
-996398207686827157
-996398207686827157
-996398207686827157
-996398207686827157
-996398207686827157
-996398207686827157
-996398207686827157
-996398207686827157
-996398207686827157
-996398207686827157
-996398207686827157
-996398207686827157
-996398207686827157
-996398207686827157
-996398207686827157
-996398207686827157
-996398207686827157
-996398207686827157
-996398207686827157
-996398207686827157
-996398207686827157
-996398207686827157
-996398207686827157
-996398207686827157
-996398207686827157
-996398207686827157
-996398207686827157
-996398207686827157
-996398207686827157
-996398207686827157
-996398207686827157
-996398207686827157
-996398207686827157
-996398207686827157
-996398207686827157
-996398207686827157
-996398207686827157
-996398207686827157
-996398207686827157
-996398207686827157
-996398207686827157
-996398207686827157
-996398207686827157
-996398207686827157
-996398207686827157
-996398207686827157
-996398207686827157
-996398207686827157
-996398207686827157
-996398207686827157
-996398207686827157
-996398207686827157
-996398207686827157
-996398207686827157
-996398207686827157
-996398207686827157
-996398207686827157
-996398207686827157
-996398207686827157
-996398207686827157
-996398207686827157
-996398207686827157
-996398207686827157
-996398207686827157
-996398207686827157
-996398207686827157
-996398207686827157
-996398207686827157
-996398207686827157
-996398207686827157
-996398207686827157
-996398207686827157
-996398207686827157
-996398207686827157
-996398207686827157
-996398207686827157
-996398207686827157
-996398207686827157
-996398207686827157
-996398207686827157
-996398207686827157
-996398207686827157
-996398207686827157
-996398207686827157
-996398207686827157
-996398207686827157
-996398207686827157
-996398207686827157
-996398207686827157
-996398207686827157
-996398207686827157
-996398207686827157
-996398207686827157
-996398207686827157
-996398207686827157
-996398207686827157
-996398207686827157
-996398207686827157
-996398207686827157
-996398207686827157
-996398207686827157
-996398207686827157
-996398207686827157
-996398207686827157
-996398207686827157
-996398207686827157
-996398207686827157
-996398207686827157
-996398207686827157
-996398207686827157
-996398207686827157
-996398207686827157
-996398207686827157
-996398207686827157
-996398207686827157
-996398207686827157
-996398207686827157
-996398207686827157
-996398207686827157
-996398207686827157
-996398207686827157
-996398207686827157
-996398207686827157
-996398207686827157
-996398207686827157
-996398207686827157
-996398207686827157
-996398207686827157
-996398207686827157
-996398207686827157
-996398207686827157
-996398207686827157
-996398207686827157
-996398207686827157
-996398207686827157
-996398207686827157
-996398207686827157
-996398207686827157
-996398207686827157
-996398207686827157
-996398207686827157
-996398207686827157
-996398207686827157
-996398207686827157
-996398207686827157
-996398207686827157
-996398207686827157
-996398207686827157
-980876294230823832
-980876294230823832
-980876294230823832
-980876294230823832
-980876294230823832
-980876294230823832
-980876294230823832
-980876294230823832
-980876294230823832
-980876294230823832
-980876294230823832
-980876294230823832
-980876294230823832
-980876294230823832
-980876294230823832
-980876294230823832
-980876294230823832
-980876294230823832
-980876294230823832
-980876294230823832
-980876294230823832
-980876294230823832
-980876294230823832
-980876294230823832
-980876294230823832
-980876294230823832
-980876294230823832
-980876294230823832
-980876294230823832
-980876294230823832
-980548637541755343
-980479493486673531
-980184879862849295
-979904472377043177
-979442729414959213
-979154104863236369
-978518443264733395
-978204282103419459
-977679407581989803
-977336502242421447
-977330463585825617
-977245766803228515
-976950413970795225
-976258508952805869
-975540443883070069
-975430588362351987
-975082916260748589
-974850975402689169
-974430734892231763
-974367508004228765
-974247851559190613
-973337446782709429
-973120090394109175
-973024438899731641
-972101224414450687
-972095315581994377
-971952276407682733
-970720467317248439
-970691693540332917
-970596823078031933
-969741025632834511
-969320264814836265
-969280682709149033
-968589293983103525
-968436705365396937
-968289987458924401
-967813585876584005
-967748731693085229
-967610134706996815
-967551530456639355
-966792840782231257
-966716411792399053
-966368177713288107
-966198579591136595
-965652993220720033
-965070747902614069
-964850618013579345
-964041358071715659
-963790472272796809
-962743086572424767
-962027021493874347
-961652632188794807
-960933404170157717
-960889941929474747
-960464003824895069
-959959987012007617
-959923826455742101
-959479514121313533
-959190684548101209
-958992413871522227
-958078933745888105
-957405738422763179
-957298731862062699
-956610012714213285
-953749640443567155
-953610593281053315
-952095218984280381
-951446392793831329
-950593216594695003
-950041210189064481
-950013075776228469
-949954330258467737
-949000924718924051
-948866037914559931
-948682523628940809
-948208647973571713
-947309143193559273
-947095793328195873
-946097213604361723
-945730922117844705
-945597195374405921
-945460850648925161
-945392234367997671
-945372925916736843
-944992311161266277
-944963049489947389
-944434881263938683
-944214711582777481
-943226182698980675
-943175291056704247
-943011491623788617
-942643808445520367
-942354212161652943
-941923539020808257
-941253542571209803
-761080566238227051
-760634298222561637
-760306500942690593
-759829216208787089
-758664984814816725
-758266656754722847
-757904784935270357
-756240856710657897
-756125187470278173
-754876646807581937
-754724284362618639
-754703330088749913
-753809834702459203
-752998562236721575
-748433844826176755
-748147380780502257
-746834229282010067
-746524539706054017
-746285568645764211
-745315167777828757
-744992451516266705
-744958634892275431
-743433956614328989
-743351034516368559
-741620291053128535
-741585988010683169
-740654603057993879
-740321299291997107
-739704752666153983
-738243259814928907
-737207965116697809
-736080823355279457
-734686225553361607
-734680838805733439
-734125611096055403
-733248565663356279
-733165129215859353
-732748876398424465
-732689013189758007
-732683809295179971
-732230886354795069
-731592619805752041
-731347981598568013
-731301489706018383
-730149994706573753
-729583333405043363
-729159991934824579
-727846433434259781
-727413467858779503
-726978595383765087
-726828778283926361
-726468426618901679
-726064562395747313
-721736881766197149
-716321389269654067
-714612506505116861
-714457950443139055
-714171663341855767
-712686712548466217
-712565861624146351
-712371393390947791
-711906101834131965
-711454902832674913
-710234394726862773
-709887087534653075
-709614999927775405
-707682907562464931
-706421989492559293
-706227754428452787
-705819510978399773
-703688224162913357
-703665096183121831
-703172786045514287
-700657227917870491
-700595729161526525
-699545128378970533
-696259629542990881
-695791123429383531
-694976793072015409
-694241153009256557
-693952911286357307
-693744399412623081
-693738402528211803
-693511254644862527
-690676149160347479
-690277354606208951
-686985944850395457
-685293635490168809
-683265913224470661
-683092766499922131
-682370838756899583
-680291823169150197
-679703404744214375
-678459548642706761
-676766292538759437
-675939479007395901
-671766039952617765
-671614037273343757
-671312216130055449
-668248711003847211
-668216532107582471
-667636553798464277
-666985382114085837
-666753048786195779
-665114702541729117
-662794671209571381
-661211752880695329
-660733508716016487
-658618446861680469
-656929971831016845
-656254794869524771
-654566774327318889
-654508157232415235
-654148429042486609
-653167111687539085
-652236306489986271
-651103155482685541
-650826935417854755
-650746945671319851
-647812810866598229
-647051926649379245
-644644857175915329
-640358992467415367
-640318201626607115
-639260791749468205
-638189448369579345
-637186437527296311
-636731231903539831
-636394744274761043
-635503007814517145
-635177204813019849
-634750935015924713
-634026597814577359
-633222857016492441
-630063371626934987
-623376072163993507
-623296581373329897
-622060757624646333
-621663368053635827
-620571670104567161
-618074614337814917
-617418895238654559
-615483453429076407
-613587306382689601
-610229558968506747
-609693416081580645
-607986877490499945
-604375656542760785
-603572524426288785
-602697066288615395
-596452564970344803
-592867963401187143
-590213684249155333
-585495115535847057
-583992148739936701
-582696480402415287
-580980060382147719
-578229459475232044
-578229459475232044
-578229459475232044
-578229459475232044
-578229459475232044
-578229459475232044
-578229459475232044
-578229459475232044
-578229459475232044
-578229459475232044
-578229459475232044
-578229459475232044
-578229459475232044
-578229459475232044
-578229459475232044
-578229459475232044
-578229459475232044
-578229459475232044
-578229459475232044
-578229459475232044
-578229459475232044
-578229459475232044
-578229459475232044
-578229459475232044
-578229459475232044
-578229459475232044
-578229459475232044
-578229459475232044
-578229459475232044
-578229459475232044
-578229459475232044
-578229459475232044
-578229459475232044
-578229459475232044
-578229459475232044
-578229459475232044
-578229459475232044
-578229459475232044
-578229459475232044
-578229459475232044
-578229459475232044
-578229459475232044
-578229459475232044
-578229459475232044
-578229459475232044
-578229459475232044
-578229459475232044
-578229459475232044
-578229459475232044
-578229459475232044
-578229459475232044
-578229459475232044
-578229459475232044
-450819545653633914
-450819545653633914
-450819545653633914
-450819545653633914
-450819545653633914
-450819545653633914
-450819545653633914
-450819545653633914
-450819545653633914
-450819545653633914
-450819545653633914
-450819545653633914
-450819545653633914
-450819545653633914
-450819545653633914
-450819545653633914
-450819545653633914
-450819545653633914
-337891187118499277
-337456849175135627
-331428131309113349
-331261121468782565
-329311791079774439
-328095177581934303
-328095177581934303
-328095177581934303
-328095177581934303
-328095177581934303
-328095177581934303
-328095177581934303
-328095177581934303
-328095177581934303
-328095177581934303
-328095177581934303
-328095177581934303
-328095177581934303
-328095177581934303
-328095177581934303
-328095177581934303
-328095177581934303
-328095177581934303
-328095177581934303
-328095177581934303
-326479984516845729
-306776368214437519
-293103577540209679
-292551223065985225
-280422220125622181
-276527116421475855
-275045547567514225
-266328302778614453
-243300061239254195
-235548288265246757
-226233467521119449
15254870979450273
25630886594857467
35443334303347319
119922350035398181
184117372915533359
195919679195931779
217817406341563599
229767507473415123
277080498206843615
299069381534193761
421081470551125417
585279353942757559
639360061840329921
744244793313058871
