-999546311
-998855879
-997892391
-996980137
-984717841
-984504541
-982405001
-980196841
-979753083
-979160791
-976455213
-974119199
-962405337
-959002091
-958604183
-956514281
-953390783
-952389751
-952153797
-949787597
-946028609
-940537451
-940537451
-938050727
-936499411
-936339796
-936339796
-935246585
-930867525
-928442205
-928317479
-928276167
-927169391
-925955611
-923648723
-922773167
-918250357
-906965737
-906258423
-904768572
-897612889
-897494245
-896683815
-896513861
-895740919
-895578223
-893709559
-890970239
-889126119
-889046011
-887107368
-887107368
-887107368
-887107368
-885656891
-885656891
-883470297
-882104619
-879904751
-879673011
-873651591
-870332818
-870332818
-870332818
-863219851
-857068514
-856834735
-855181581
-850060251
-847148813
-846578695
-846414877
-840596611
-827246498
-827246498
-824304645
-820942443
-816990316
-812867800
-812867800
-812867800
-812867800
-810106555
-807250715
-802920395
-797901719
-795660375
-794652505
-794544363
-793482009
-790336303
-790336303
-787137749
-786442209
-786442209
-786442209
-785876815
-784927741
-784876217
-778788515
-778788515
-778080883
-776648897
-774053761
-771631353
-770458273
-770259663
-768992255
-765132259
-762386561
-762380647
-761421997
-760597321
-752505034
-752505034
-752505034
-752505034
-750353243
-748883909
-746621457
-745579547
-743745419
-742444073
-742444073
-737938525
-728869775
-727995835
-725422387
-724735939
-723868551
-722685585
-719786541
-717330488
-717330488
-717330488
-717330488
-716197269
-707977387
-707977387
-705644269
-705266525
-701661369
-700860087
-698396517
-696119149
-694331835
-692006221
-692006221
-692006221
-690095573
-689491519
-690095573
-690095573
-687934577
-680055709
-676242535
-673024353
-672668237
-669990055
-668420853
-665060301
-662036134
-662036134
-655510143
-655407445
-651787991
-648186015
-647287569
-643487169
-643487169
-642716285
-641023611
-635033333
-634487481
-631411933
-631385993
-628133251
-628120383
-625675413
-625576419
-621860151
-621860151
-621860151
-621860151
-613105980
-611758339
-604000643
-603853145
-602547181
-600132781
-600132781
-600132781
-599530813
-599482179
-595516189
-594736607
-592848669
-590321934
-588772563
-587951593
-584703401
-580543890
-580543890
-576512587
-575526175
-572388805
-568652796
-568652796
-567855751
-562443494
-562443494
-562443494
-562443494
-559353579
-548145309
-547908619
-547732841
-547732841
-547555541
-544355070
-533918621
-531944445
-530410289
-526991267
-526983335
-524255761
-520477079
-518509096
-516578998
-515075837
-512485167
-512478453
-511636683
-509093763
-507441381
-506632633
-504809335
-503514479
-503399250
-503399250
-500647890
-496012935
-493054785
-492361791
-491600345
-490418629
-490111619
-487054594
-483309237
-481490787
-481423973
-480738855
-474582658
-472050019
-469860429
-466954771
-464830775
-464197639
-459651233
-459651233
-459651233
-459581743
-454798955
-454448471
-454412065
-453360151
-450886551
-450827307
-450278777
-448109039
-444518823
-441885967
-441807967
-441066301
-429625877
-427476333
-425825561
-425635216
-424055441
-419410125
-419374997
-419075051
-419075051
-418571957
-413376685
-409076639
-408877463
-407456809
-405463117
-403477407
-401444963
-401195005
-397685039
-397034821
-394859715
-391227897
-388806565
-388194087
-387662406
-386119415
-383886907
-382753491
-377762405
-374931727
-374042503
-369383930
-369383930
-366848295
-363612423
-363612423
-357270943
-351488529
-348647479
-340664427
-339926519
-339926519
-334539037
-333986577
-333986577
-333354937
-332268851
-329092641
-327643966
-327643966
-326976585
-326908651
-321301385
-319558220
-314346525
-314054361
-312263907
-311886539
-311101515
-311101515
-301511535
-301511535
-301511535
-299985537
-296843711
-295962507
-295306193
-294677337
-294637473
-291536775
-289651213
-288263459
-288006965
-287222009
-278743693
-277665531
-270517825
-270370463
-265861527
-265550359
-264696013
-262683915
-260841155
-260696751
-257641745
-253620531
-253477203
-252830517
-251928451
-251347489
-246278197
-244798773
-240960277
-240812945
-240812945
-238586175
-236243399
-233643385
-230141683
-230009051
-228153197
-226993671
-222948908
-222948908
-220504781
-220504781
-220504781
-220504781
-214807123
-213201597
-212791645
-203415381
-199920079
-198380801
-197844347
-197081913
-195344751
-193552663
-192783344
-192783344
-192783344
-192783344
-192693513
-187398886
-187398886
-186982655
-182584477
-182518051
-180985115
-177221029
-177221029
-176283225
-176020373
-168595597
-167572302
-163719819
-161856600
-161856600
-161763369
-159041137
-153268589
-153268589
-153268589
-153210959
-152080971
-150548825
-144151739
-143735665
-138560521
-136799784
-136521953
-135806341
-128506190
-128506190
-128506190
-122247903
-120977151
-114815212
-114815212
-114815212
-111203187
-108396123
-107027235
-106458893
-106458893
-106458893
-106458893
-103192551
-100104499
-90333873
-90333873
-86484784
-85373083
-84499965
-84212445
-82625803
-79945085
-78779007
-76163485
-74958275
-74467839
-74193281
-73079289
-71343365
-70213373
-68187097
-66083465
-63969515
-62857385
-62140203
-56484119
-55837347
-55837347
-55837347
-52451671
-52434379
-49595181
-49460409
-48642915
-48098745
-45752331
-44519215
-41335897
-40973475
-39531763
-36924115
-35962379
-29609981
-28619363
-28153129
-27548053
-17223673
-13006565
-8914391
-8655693
-6491515
-5847301
-5707797
-5536831
-5015261
-2590643
-2590643
-2590643
-1824913
576429
1661721
1742753
2416267
3346123
4347439
5501423
5670771
6850559
11297709
13551617
13916817
17079267
19423313
19488639
20594511
22922171
23858187
23953507
23953507
25663697
27247691
30112707
35780079
36251159
42647890
42647890
42647890
45100957
46252761
50366380
50366380
50822933
57679463
58535947
59911275
60638175
60638175
60638175
63291068
63291068
66271061
71813445
73278875
73442517
73965749
74738361
75346735
76589299
77465597
78126195
79002683
79888039
80349933
81411373
81411373
85742921
86446675
88228029
88228029
88338669
94960247
95112161
96274571
96326325
97205163
98752203
99215579
99288993
100045635
102490383
102600633
102600633
102600633
102600633
111878854
111878854
111878854
111878854
112117217
112326309
116919709
118427425
120452587
120869487
121440969
124301787
126044211
127739961
128530969
128530969
131831018
131831018
132277601
139602587
142917805
143036131
144604891
145186425
146002979
146715065
153406307
155487185
156987631
157009235
157556401
157908019
160935197
161199871
166404631
166404631
168614673
169149793
171034234
171034234
175651481
176296739
180807407
181640671
181799433
182755361
183888047
184301237
184567759
185622417
185947051
187372069
190847853
204379917
204616305
205148391
205379671
210762611
210911315
211049297
211490331
216079335
216724471
218684221
223081001
226401099
226401099
233622453
233906491
234614311
236741959
240639563
240895791
242448513
245933077
248300215
254147011
254727549
258821654
258821654
258821654
261204383
264994679
265504165
272523265
274414507
274414507
276251527
277982395
278060421
281620341
285539790
285539790
285539790
286424103
286818349
287258299
289309575
293594703
294093837
294596029
297303779
297352569
300755983
302113993
302140715
302539459
302741335
306942313
307050605
307098549
309288377
309303357
310295179
310658323
311672029
313120242
313120242
316077805
317582485
318778481
318945724
319848401
319974393
320634169
323560295
324724061
327950853
328888647
331513049
332216649
332546723
336689089
337475047
338477467
338950383
340115719
345595339
346748691
350291877
351681233
355519886
359382567
361361845
361719029
362798141
363441083
364360769
365256873
366664520
373129634
373768031
374974965
379360033
380407317
381293749
384201642
388361019
388407012
392388093
396244232
396244232
403690897
406183197
410034363
410339917
410823315
410823315
418562447
421068195
421245253
421995757
424582855
424922995
426177993
432633123
436719925
436719925
436719925
436719925
437185233
438985130
439420281
439436285
440964721
445186897
449567604
449567604
449787969
449978649
450432793
451635927
458908181
459037498
459728753
468422871
469976047
472258074
472497771
478753801
479208255
482693949
483044775
484610831
490877830
490877830
490904141
494392183
498238057
500942624
507268943
510346697
517179801
519652819
520144781
523115838
523999245
524719859
525155307
527073189
528573820
530478939
533383139
542542759
543697223
545044255
545760339
549945897
556535737
557599559
559181210
559181210
562373973
562940599
563243613
570133097
570440997
571628813
572556165
575247239
576582189
578381599
580482027
582078845
582648877
582681202
587021577
590615441
593563833
594763949
603560949
606484917
608154949
608471766
608471766
611656472
611656472
616255855
617198248
619293460
622304063
633075407
633334306
635119395
638905431
642335713
643198354
643198354
643198354
643198354
646092835
654289885
656125361
666726649
667105663
675832313
677788585
682003653
682117281
683904575
683904575
686481561
686712585
691899690
691899690
691899690
694412429
698563163
705724527
707422592
707598331
707935413
711773789
712268171
718353941
719325655
719558105
721777671
724732741
727959145
729591505
734112587
736009639
737040951
737905251
742072891
743109999
745035567
747246101
748316619
748969189
748969189
755401088
762893313
763213725
768502257
768546249
768852659
769197635
769363621
769615689
769747925
775423119
775423119
779956995
781097025
781701771
782170813
783339809
783339809
787171481
788189171
791792839
791792839
794568447
797720127
799179585
804681595
806263195
806915597
807116041
807180027
808002523
815647059
820556645
829662343
829662343
830612907
831021937
831052317
831206411
831733165
838132371
840399191
841047741
841401383
843997187
843997187
847163211
851308295
852727791
852727791
852727791
856738405
859584365
859584365
860768173
870017245
872848187
874270707
875760279
876367599
879341251
879774147
880418601
881197169
881265077
883786187
884512117
884726451
887511403
890074259
890623461
891869875
891890645
892576945
893407797
900410824
904058633
906838781
910423937
910953575
917046241
921648921
923060258
926182887
926268203
929449319
930885341
936212151
937349080
938544143
942006045
943296573
952186401
952191695
952828157
953445033
956785259
963437607
964061631
965398098
965398098
965398098
965398098
969468990
970628139
971306635
978682469
978729119
979676977
980849479
984472261
990090027
995921629
996021781
1001229457
