-999997307016000454
-999999740925295401
-999999740925295401
-999933594746281118
-999952994056220218
-999948511256217301
-999874900924341866
-999894753458216177
-999878338570766278
-999836200205855552
-999786437802721962
-999805749345827032
-999784292250247876
-999781572808370062
-999722610293097836
-999705696529822746
-999701437815434528
-999678279441831352
-999614417912170756
-999581242475025850
-999578549314987421
-999520294151760442
-999477049796561407
-999475829967907666
-999462926611121955
-999427738031112305
-999420745842545424
-999325709501496729
-999254898277829324
-999222115748726566
-999191552143217150
-999211969437078142
-999143991154723152
-999160891551233009
-999131570872215723
-999019442392362871
-998971814704963844
-998943989163664579
-998914206648040199
-998931002929149268
-998891753267466251
-998832179327504361
-998806746663788161
-998795198604262429
-998779374038767378
-998737928327597679
-998705787207025226
-998689708291717839
-998671530090075412
-998654016684376319
-998625728611501544
-998623604400846555
-998613437710317766
-998481099557911496
-998440650800204418
-998376917216062251
-998352116136002972
-998329800829927304
-998232055271764044
-998137215917349357
-998047965176517518
-998001613973813852
-997993960740397427
-997850439389478629
-997811612849893445
-997794965257354347
-997773804448988402
-997760234983008136
-997706016205507787
-997659652332760171
-997619701914369139
-997590974223819683
-997428011276454349
-997399849200238232
-997364597229772845
-997267634812467046
-997258439809835130
-997248549827413330
-997181781134869988
-997157407974414535
-997150692508273083
-997059313045826022
-997000225875274281
-996989291664974814
-996951268833449035
-996918566717586480
-996910639845277576
-996886218410850422
-996904262761052742
-996887751811032424
-996868836199097290
-996784209261083904
-996687859220147988
-996633625243475500
-996593296365300310
-996509523806397931
-996484734962709123
-996423741447569152
-996342206910394554
-996325879004343601
-996329114787255492
-996301329283832507
-996255432130619547
-996127888203498878
-996108592069887362
-996105687455475851
-996059334322053048
-996016434743143773
-996016434743143773
-995947836745348461
-995872741455272035
-995851699794303141
-995826265276780363
-995806344122681096
-995575169842543796
-995558258887275607
-995475842223274592
-995453796780705002
-995413183933104314
-995377275430714727
-995281434932520376
-995057888086198632
-995057888086198632
-994988588752837873
-994954435724862483
-994930063852517836
-994679497206166657
-994628226614293829
-994193193494351794
-994040662114755997
-993867598015386124
-993773664206977927
-993770221925387833
-993571134221028985
-993552506450907544
-993521235455851640
-993519295225642849
-993479060121164107
-993438916928268971
-993307505842097156
-993250584378317348
-993165256260386515
-992990526886848675
-992940760596384763
-992945986597258614
-992718726682706659
-992654616632741501
-992564807508467528
-992407956886157549
-992364090673332222
-992297371337343917
-992273665597277370
-992243094056201820
-992238355836098446
-992101500570469951
-992039729223868043
-991985374033217420
-992003165791722352
-991938149324724662
-991877248119032503
-991840408476547908
-991788218049461599
-991611610841272477
-991572476041039874
-991513856630926046
-991485492685567458
-991338040238239391
-991183352817340009
-991139653053086868
-991059427255718631
-991032182385818527
-990857537447092110
-990753378228913166
-990720031254674538
-990632746562996201
-990576931220116876
-990572415472989102
-990546615898032523
-990535425938674171
-990482866778857345
-990357428138038005
-990274078856756904
-990294385836280876
-990071330255004938
-989933934971766287
-989901881441411644
-989861610567481591
-989805831462416476
-989790853158358177
-989660321911664455
-989667026792613827
-989535457315787251
-989469643044081978
-989445450045543078
-989210637911182595
-989057113539617568
-989006157257609705
-988970636859761746
-988717606550558000
-988693444367484395
-988641961636603127
-988620174348164911
-988544251642974546
-988518352321542956
-988391914458610604
-987986099742769715
-987923212699666131
-987892444562520884
-987848349657613227
-987845027782543913
-987804870957132663
-987692114764561167
-987688559715146142
-987602009148528225
-987467804850086352
-987458658469237647
-987235624082657698
-987196183630398080
-987118082208964288
-987014890607988573
-986923228177334656
-986841580280724391
-986793145706943638
-986666139977768130
-986605140353355162
-986380773261492143
-986139637697139114
-986130577624284033
-986110437118553756
-986019705805714905
-985835367634731705
-985600921586392130
-985587634685988996
-985587634685988996
-985385015585914343
-985383353642331114
-985368089317066721
-985159112721860767
-984930904415798011
-984890575173478554
-984858843439398066
-984833929381625648
-984833929381625648
-984708727678684619
-984670885448150248
-984501058091379106
-984309978664056462
-984187781391960479
-984020457175392233
-984021543236543857
-983960293804395612
-983833155710995176
-983837288627368278
-983801531505329356
-983773729551795717
-983576205341104902
-983567997037188268
-983447202019716217
-983184113353099309
-983126887579425366
-983050760148982331
-983006631780464226
-982883080306189813
-982811056609233911
-982688869967396678
-982611874187827865
-982530763621058895
-982463465389803126
-982457631610779422
-982367771671528938
-982310211798200952
-982111691371161071
-982053919341145421
-982037362965572992
-981826442891849188
-981792424288937894
-981800336779453566
-981667505091753978
-981390414883008323
-981224838669551449
-981179355303485913
-981012226703119906
-980802778350655687
-980324165409587956
-980270322928143085
-980140694122720890
-980086344995709199
-979909950601289226
-979915668352026581
-979689993076942437
-979657139243641484
-979549298876796492
-979377747612506710
-979084710775321831
-978887087690314860
-978721514034032272
-978653095560932849
-978104928720922781
-978013188606859147
-977865903833097798
-977844670316052847
-977843060817530134
-977786580744072761
-977407847655038228
-976926496797550527
-976926496797550527
-976532838093802377
-976299690320764396
-975923611792326188
-975933548413122377
-975759493661311696
-975762446747412535
-975714382821565352
-975663663519929439
-975445305731156722
-975435891159362691
-975399961563833847
-975220101779622481
-975001679733441444
-974881781160909973
-974861647272034093
-974489059971205025
-974458388698222670
-974322118901190745
-974258770312844791
-974252542133887044
-974045657431114451
-973691273588683443
-973623914240218022
-973594163505823560
-973570631093475221
-973549871610549333
-973517762186357209
-973308544849321927
-973277033444331459
-973133180459149247
-972154433071042683
-972170755746167272
-971955179670259617
-971832459473362447
-971627563911239433
-971401165618834207
-971369505598114785
-971201557760938569
-971113022432280631
-970996372780407731
-970973554825121852
-970875094902567011
-970703167145082316
-970393618751120841
-970367258320382423
-970315970771274624
-970168269243012440
-970135492720202836
-969342878349975134
-969298473136823593
-969024891476690259
-968920110898813479
-968641566159186009
-968054780219698151
-967866386395959964
-967405435466942749
-967144199124310197
-966997172773188702
-966967977466981649
-966958705292252536
-966731166189403646
-966651649330874791
-966480186395986603
-966480186395986603
-965981146176835737
-965914249940062117
-965852275551810281
-965723557182323938
-965679255928129092
-965600613744257411
-965600613744257411
-965473786535905104
-965246496468290265
-965228798282326166
-964948541519090756
-964770091917827438
-964721764826200395
-964671477450289314
-964551155289067588
-964248127678671283
-964165012291182655
-963914655180369816
-963701013701731176
-963131106671676024
-963038033530701596
-962950973046970132
-962848468385723328
-962605537264552793
-962223444772191478
-962175221974841057
-961913828625718983
-961661189736014951
-961650080581036823
-961571764217847565
-961486061604179417
-961471409912427838
-961403623588823407
-961095134221150106
-960986952405239141
-960334972831184663
-960210274641324990
-960188570183136487
-959930864401256680
-959666116684000978
-959577397866830103
-959473089330009896
-959103323351711321
-959041407886779074
-958456286597724350
-958252013672845416
-957644802116727442
-957548010107088779
-957565594129991713
-957320251585487321
-957162827985496223
-957150212079583401
-957077735181596992
-957030863534110463
-956922242404780617
-956212595135910082
-956074174254479849
-956076674206479811
-955974009734757190
-955829940974867086
-955795079728940625
-955558302300674119
-955317605535049546
-955293438088574585
-954965328971646252
-954947074370163049
-954880542947135543
-954484229647572342
-954346718645123581
-954131512330887464
-954057817841123764
-954011623934778527
-953734578032174124
-953578772147133148
-953176853407448794
-953108257148968545
-952793986590637349
-952554530537774324
-952422440353479800
-952204647711400703
-952109081692978267
-951934547254433733
-951818594322000440
-951713620133203195
-951619381280284546
-951339013236627241
-951149434654597503
-950465203134372136
-950417894574252631
-950278218888321234
-950126073851571034
-950015230427695782
-949583409142567935
-949444071858174605
-949296096971252900
-949091786640549547
-948608988344188607
-948410821196879177
-948274547240544581
-947965623309144172
-947856639970512377
-947775338102580871
-947557906779614294
-947273185538059546
-947181971586499460
-946590425347020012
-946391290374937748
-946168488351922367
-945688636031795711
-944945847243847745
-944636531772567818
-944596972674616558
-943591138334861192
-943117469098745340
-942924250061313962
-942877683672716295
-942681619696162444
-942287790174962444
-942224737351579055
-941920474284227175
-941803957895642090
-941658513325918466
-941609710349514252
-941451894155171116
-941212960024436579
-940964900470562364
-940929876811515873
-940882147879036658
-940501754740559718
-940388660986920151
-940346468120843117
-939942240467100902
-939892417738180480
-939237139830623778
-938792553414276497
-938658987183149076
-938232207765861828
-938027087867529180
-937976519801477734
-937699723301013564
-937257944478091502
-937020159370445843
-936371858968461038
-935985196078411046
-935826811237575489
-935747302988936823
-935612991807481066
-935234227058033510
-935146423288069974
-934798815655476310
-934733688326180112
-934693879062114820
-934300409516133704
-934225176406012374
-933709317919288847
-933569731232552071
-933525086045866210
-933331255466067300
-932637906599544038
-932613540044544172
-932572532601802539
-932173462068725564
-932065235378594383
-931623885281332647
-931242828622589139
-931200041788516156
-930987428924003577
-930987428924003577
-930773337166795232
-930773337166795232
-930397734064378761
-930373495929705344
-930232087037816854
-929200460492401706
-928081973022603487
-927834084650155938
-927773409025237735
-927182405051430515
-926975970217504733
-925565258677256166
-925347230204867133
-924763189166054019
-923674063909223552
-923377717664047236
-923319916120473115
-922110013058821667
-922025072927182781
-921641996780273672
-921301014600402855
-921007188230591658
-920636480936849025
-920266976358885430
-920116598177987823
-920076614809635915
-919844702741810845
-919569733637753905
-919112991470302911
-919037546627222441
-918979821498626323
-918979821498626323
-918578107861756384
-918336375657572363
-918287960144348308
-918112820126752334
-918035470091574519
-917963334770832259
-917850269323612676
-917704218290208438
-917556134155063866
-917518221097041193
-917505466349200138
-917107584063751603
-916445544288820603
-916166512307515232
-915945155376113910
-914835039660170246
-914124831100742122
-913832878262752194
-913762519279994230
-913059323999866052
-912771101763947908
-912490527733476929
-912449990020608130
-911704340118959282
-911422892663694075
-910600090689435763
-907700562150983680
-907674805839844902
-907095693035962980
-906612011836884934
-906126309834724479
-905165079376449032
-904834137326799708
-904381474660054075
-903948340451144122
-903764344029624214
-903549537036253928
-903477777347781704
-903262543138896771
-902491563099654964
-902273179780821567
-900711422581963974
-900258611772844181
-899937357859732285
-899640548424419521
-899525752381782024
-899510819397307718
-898763070553857510
-898675618766331455
-898153771148912322
-898055945611662575
-897849092141784995
-897632953140670146
-897522749202400860
-895386301817916430
-895178227427741770
-894811974349368367
-894681828366611403
-894629328940489783
-894302198844824455
-893933971207430837
-893178473561640487
-892715834616655741
-892568173238306606
-892378600338468301
-892129934889617868
-890866719044603487
-890795469273948108
-890570895655133438
-890218306483582541
-888679980307939040
-888500435046703200
-887716724628559490
-887565062080908698
-887530425541870281
-887350919158423029
-886830993239580364
-886405777375031334
-885139471855171100
-883819258132522961
-883738891218120018
-883196542420210659
-883043873317769305
-882964106553787042
-882417167203924638
-882263892565072290
-882156881155525148
-881991354988735005
-881610907867697090
-881551695714602969
-881540251302647512
-881522575200914381
-881216527496175712
-881062901936246980
-881015712390608380
-880387069364308906
-878919881435842721
-877970752635706116
-877870429325531877
-877769299287214948
-876768731212797692
-875756470078033439
-875775311543393862
-875396088203653327
-875218332426235824
-874369084069678897
-874298976127381369
-873672783016787662
-872767666200065449
-872692942294052899
-872464972692767970
-872101090336872106
-871982950452474073
-870248211565452897
-870137730196641557
-870122690633506686
-869147613002805220
-869095960324993015
-868783410432375374
-868685634764895169
-868135730634773652
-868050721545301622
-867346821484459317
-866578042836154303
-866419224250611817
-865216422565211920
-864582972248931937
-864407217332840618
-864393422962486457
-863429442149783294
-863320924198296274
-862311574211195921
-861168407406960439
-860450240795187674
-860349302029159692
-859716109950084814
-859056033234174235
-858231996994336407
-858154861841090290
-858016700957675840
-858016700957675840
-857231512159855868
-855713516121032282
-854611900718631991
-853792490345319824
-853047417244361053
-852331294107779203
-851947180027551893
-851434243971338734
-851378095106563962
-850545300268866018
-849435917780460918
-849005883807961458
-848294929809455775
-846139917536874269
-845499531492012134
-844893828717847106
-844614428216494534
-844482465475251296
-844168838315635706
-843945662167852826
-842569296755132514
-841993035565068848
-841174536082676236
-839559661144895988
-839063182400474870
-837969055111853912
-837922873753549933
-836804342535002604
-836258369614756812
-836039588477919154
-834334700509306635
-834286410818183927
-834025248344793884
-833871632447378706
-832276498288294485
-831833733885926592
-831581608991114474
-830370666626445654
-829743201081570255
-828910656483130522
-828552862039262361
-827628269517760010
-827450794030484644
-826949725623836483
-826894956760688521
-826727926677519048
-826155307237924136
-825557820938734992
-824939297880056611
-824820315613651786
-824749075742589220
-824725116098917134
-824407373883316118
-824188329705509994
-822531739453339477
-822001908613859912
-820847385495433044
-820085045082459078
-818548294601444465
-818193527012158869
-817840566760417348
-816750812028812947
-816422575528690503
-816243529126981667
-815722423455526242
-814499211446701624
-813243265652200614
-812656593466274884
-812478046512010127
-811991796160460080
-811960691386373632
-810080270840758542
-809350781762358104
-808712816320146582
-808331284965235316
-807657362898735286
-807061110199058668
-806789949267722538
-805864975448186853
-802179413418967381
-799234726708576340
-797952233988364416
-797637120248288340
-797234800612196421
-794771379517722753
-794461850733889856
-793805595870653925
-793774461030023852
-792607233385455375
-792302575353345530
-790896015977107459
-790456082182351951
-790052470177702866
-789663637786257148
-788722364844212341
-787327606751024382
-787118463641886248
-782164768379256245
-782149215331290782
-775319484645049504
-773056952193447326
-772480787929580762
-771908104922401586
-770601185721545842
-769360178142042553
-768538759559262616
-768538308772665244
-768277346137084761
-767556816656603482
-766538244386376098
-766217955914051040
-765104923700740084
-764780368987134196
-764336482172724634
-762803670165849258
-762734470671056868
-759916378029084731
-759803082603652360
-756455184315212304
-755640708817935302
-749744481320722567
-746691558694395703
-746002215796654892
-745092306313234062
-744736921821873056
-742455512504675738
-742084458855251921
-738775697080794084
-735781003907781590
-735516018967169702
-735027617747174070
-734875652334229776
-734199766242120719
-733868712627360933
-730923517829130748
-730894285639285416
-723723588254324274
-723562346442318988
-722093285431808041
-720645372983279760
-715647669211718611
-712927135565610228
-712761455463046961
-711732855306886456
-710371366829426132
-710228984422702790
-708722582859351048
-706037305016250008
-705950034866613384
-705843589343913262
-705186393904622448
-705159386193653040
-699975408607992300
-697472027162573458
-697195499124307705
-696772222709958578
-696093328063419950
-695737779237041506
-693343906986458654
-688764210665383280
-686923305167385005
-685827750776201982
-682481668262864503
-681525261427802704
-680238774108488665
-680217353615980580
-679873165504782070
-679804782937705894
-675349715246867834
-673832428669867076
-672511990203532774
-672416076476314161
-670306203714535200
-668852240101248344
-667749765192012396
-663303625610008584
-661688110331664843
-660827658572536470
-660529410956607362
-660465606097384906
-659282882076233094
-657647424666997068
-652973907710505654
-651245970579855398
-648192939597471044
-648092741958505572
-643889830097219874
-643340524156047421
-640375091232098037
-638848567319253254
-638015343358896860
-636618616367104242
-635433111722944654
-634694412172514124
-633899501420364467
-630391397875858915
-625939057970324345
-625732022808461064
-625297716091634108
-619451390369367990
-618490641457830416
-615655486120142744
-604950653094734572
-604874952206622378
-604461751609344642
-591455813980112386
-591319311741493994
-588621554659078980
-586023889089258310
-580531569456148194
-579732929308771388
-575595326629001758
-570187791034162173
-567431204699870275
-565979311043865378
-563464924185719376
-558887855234341524
-553185893886378244
-550842539969650650
-546087883693953500
-541993524307970618
-535098095608421942
-532826756470052096
-527772502028631986
-527095920692759070
-521360273259654836
-516811314875944082
-513578321624100720
-511919622946095594
-507486173843896154
-507036441842379766
-491438141154950620
-490817016139621002
-487687922502837424
-483391699958688488
-480075754748510477
-474890935995892108
-467691507644810400
-467683040853917776
-466448382865598564
-447045405593864190
-439276761334395635
-423196784849653168
-416325640531216316
-414145930093423792
-405927405959326378
-396203178591033652
-387378774655763962
-358401024039536590
-341720277351136588
-329023905942613806
-324291751734771316
-318147834005123146
-317677923097665756
-307932450802263926
-295532637824544020
-294875629645134258
-292783135497364982
-289864446182150092
-286888479769276179
-282441566882746764
-281388575353622092
-278014966342992632
-274765661281562178
-246460992885450696
-239238997941855126
-235567283947538532
-235439851210564070
-235265611534479200
-225346246841394404
-217192261739975116
-188756746769883941*
-161466709284032320
-144076832404745912
-137005041231187068
-135588092070247962
-134432178102456290
-131470934349102774
-116409027119898992
-104082956062810602
-88979280709086432
-84451643423670146
-6614646819826202
108376279819981304
127226740999160856
143112823331434296
159910387465602526
377633870150896272
715673391479229894
