-424087040
-418004864
-417627718
-417457688
-412743694
-412190832
-408421922
-406169658
-404690476
-404404030
-403201328
-401333766
-398371882
-398272832
-395600176
-395580846
-393700550
-392236470
-391930290
-388755690
-388235308
-386014838
-384455064
-384217206
-380986850
-380045294
-377812170
-368108502
-365602672
-364947510
-363925714
-361971138
-359057434
-354198062
-349007028
-346561374
-339434372
-337899878
-337519550
-337499666
-336956386
-336045004
-334568246
-332163690
-331883274
-327458936
-326965258
-316843628
-315644774
-315109676
-312015896
-302457926
-302318364
-301717252
-299467660
-293516540
-288788464
-285736914
-284679830
-283908200
-276629756
-267344828
-266327784
-266178540
-266087890
-264422852
-258210442
-256736194
-252665378
-252465900
-250442752
-249379408
-248922322
-247033464
-246960620
-245681928
-243350194
-241194512
-239617586
-239340658
-236775488
-234677134
-228781472
-225534934
-222001790
-218832514
-208727998
-207808760
-207035830
-206998550
-203922648
-202144936
-197745972
-197424320
-195376832
-194818614
-193199200
-191692350
-189211380
-185867296
-185611394
-185610406
-180384820
-179804926
-178384800
-176506842
-167910982
-167344068
-166364584
-162647440
-158277056
-154526678
-153204570
-152522928
-152493754
-148618734
-141609790
-138751166
-138092910
-137900656
-135496382
-133276578
-129584258
-126668556
-123120938
-117905646
-116266564
-115272610
-114954500
-111730602
-110277380
-110003236
-106960298
-106292410
-106085720
-104986834
-103581350
-100537216
-99636318
-98944386
-98677394
-96425224
-95913952
-95446264
-94888550
-94410198
-94233174
-93526854
-91992112
-85736796
-85386462
-83382476
-75569688
-74578038
-72942412
-70913240
-70817782
-70470440
-69843972
-69161812
-67712674
-67519440
-66206408
-65413290
-60927090
-56707132
-53829602
-51663754
-48326252
-46970292
-43219512
-42809628
-41655178
-39419296
-38560980
-32669950
-29009124
-24637024
-22755538
-19365340
-17196014
-15414442
-9988734
-9826978
-9701468
-6147672
-6126266
-5780090
-3891410
-2832614
-2390572
-2390572
-2390572
-2390572
-2390572
-2390572
-2390572
-2390572
-2390572
-2390572
-2390572
-2390572
-2390572
-2390572
-2390572
-2390572
-2390572
-2390572
-2390572
-2390572
-2390572
-2390572
-2390572
-2390572
-2390572
-2390572
-2390572
-2390572
-2390572
-2390572
-2390572
-2390572
-2390572
-2390572
-2390572
-2390572
-2390572
-2390572
-2390572
-2390572
-2390572
-2390572
-2390572
-2390572
-2390572
-2390572
-2390572
-2390572
-2390572
-2390572
-2390572
-2390572
-2390572
-2390572
-2390572
-2390572
-2390572
-2390572
-2390572
-2390572
-2390572
-2390572
-2390572
-2390572
-2390572
-2390572
-2390572
-2390572
-2390572
-2390572
-2390572
-2390572
-2390572
-2390572
-2390572
-2390572
-2390572
-2390572
-2390572
-2390572
-2390572
-2390572
-2390572
-2390572
-2390572
-2390572
-2390572
-2390572
-2390572
-2390572
-2390572
-2390572
-2390572
-2390572
-2390572
-2390572
-2390572
-2390572
-2390572
-2390572
-2390572
-2390572
-2390572
-2390572
-2390572
-2390572
-2390572
-2390572
-2390572
-2390572
-2390572
-2390572
-2390572
-2390572
-2390572
-2390572
-2390572
-2390572
-2390572
-2390572
-2390572
-2390572
-2390572
-2390572
-2390572
-2390572
-2390572
-2390572
-2390572
-2390572
-2390572
-2390572
-2390572
-2390572
-2390572
-2390572
-2390572
-2390572
-2390572
-2390572
-2390572
-2390572
-2390572
-2390572
-2390572
-2390572
-2390572
-2390572
-2390572
-2390572
-2390572
-2390572
-2390572
-2390572
-2390572
-2390572
-2390572
-2390572
-2390572
-2390572
-2390572
-2390572
-2390572
-2390572
-2390572
-2390572
-2390572
-2390572
-2390572
-2390572
-2390572
-2390572
-2390572
-2390572
-2390572
-2390572
-2390572
-2390572
-2390572
-2390572
-2390572
-2390572
-2390572
-2390572
-2390572
-2390572
-2390572
-2390572
-2390572
-2390572
-2390572
-2390572
-2390572
-2390572
-2390572
-2390572
-2390572
-2390572
-2390572
-2390572
-2390572
-2390572
-2390572
-2390572
-2390572
-2390572
-2390572
-2390572
-2390572
-2390572
-2390572
-2390572
-2390572
-2390572
-2390572
-2390572
-2390572
-2390572
-2390572
-2390572
-2390572
-2390572
-2390572
-2390572
-2390572
-2390572
-2390572
-2390572
-2390572
-2390572
-2390572
-2390572
-2390572
-2390572
-2390572
-2390572
-2390572
-2390572
-2390572
-2390572
-2390572
-2390572
-2390572
-2390572
-2390572
-2390572
-2390572
-2390572
-2390572
-2390572
-2390572
-2390572
-2390572
-2390572
-2390572
-2390572
-2390572
-2390572
-2390572
-2390572
-2390572
-2390572
-2390572
-2390572
-2390572
-2390572
-2390572
-2390572
-2390572
-2390572
-2390572
-2390572
-2390572
-2390572
-2390572
-2390572
-2390572
-2390572
-2390572
-2390572
-2390572
-2390572
-2390572
-2390572
-2390572
-2390572
-2390572
-2390572
-2390572
-2390572
-2390572
-2390572
-2390572
-2390572
-2390572
-2390572
-2390572
-2390572
-2390572
-2390572
-2390572
-2390572
-2390572
-2390572
-2390572
-2390572
-2390572
-2390572
-2390572
-2390572
-2390572
-2390572
-2390572
-2390572
-2390572
-2390572
-2390572
-2390572
-2390572
-2390572
-2390572
-2390572
-2390572
-2390572
-2390572
-2390572
-2390572
-2390572
-2390572
-2390572
-2390572
-2390572
-2390572
-2390572
-2390572
-2390572
-2390572
-2390572
-2390572
-2390572
-2390572
-2390572
-2390572
-2390572
-2390572
-2390572
-2390572
-2390572
-2390572
-2390572
-2390572
-2390572
-2390572
-2390572
-2390572
-2390572
-2390572
-2390572
-2390572
-2390572
-2390572
-2390572
-2390572
-2390572
-2390572
-2390572
-2390572
-2390572
-2390572
-2390572
-2390572
-2390572
-2390572
-2390572
-2390572
-2390572
-2390572
-2390572
-2390572
-2390572
-2390572
-2390572
-2390572
-2390572
-2390572
-2390572
-2390572
-2390572
-2390572
-2390572
-2390572
-2390572
-2390572
-2390572
-2390572
-2390572
-2390572
-2390572
-2390572
-2390572
-2390572
-2390572
-2390572
-2390572
-2390572
-2390572
-2390572
-2390572
-2390572
-2390572
-2390572
-2390572
-2390572
-2390572
-2390572
-2390572
-2390572
-2390572
-2390572
-2390572
-2390572
-2390572
-2390572
-2390572
-2390572
-2390572
-2390572
-2390572
-2390572
-2390572
-2390572
-2390572
-2390572
-2390572
-2390572
-2390572
-2390572
-2390572
-2390572
-2390572
-2390572
-2390572
-2390572
-2390572
-2390572
-2390572
-2390572
-2390572
-2390572
-2390572
-2390572
-2390572
-2390572
-2390572
-2390572
-2390572
-2390572
-2390572
-2390572
-2390572
-2390572
-2390572
-2390572
-2390572
-2390572
-2390572
-2390572
-2390572
-2390572
-2390572
-2390572
-2390572
-2390572
-2390572
-2390572
-2390572
-2390572
-2390572
-2390572
-2390572
-2390572
-2390572
-2390572
-2390572
-2390572
-2390572
-2390572
-2390572
-2390572
-2390572
-2390572
-2390572
-2390572
-2390572
-2390572
-2390572
-2390572
-2390572
-2390572
-2390572
-2390572
-2390572
-2390572
-2390572
-2390572
-2390572
-2390572
-2390572
-2390572
-2390572
-2390572
-2390572
-2390572
-2390572
-2390572
-2390572
-2390572
-2390572
-2390572
-2390572
-2390572
-2390572
-2390572
-2390572
-2390572
-2390572
-2390572
-2390572
-2390572
-2390572
-2390572
-2390572
-2390572
-2390572
-2390572
-2390572
-2390572
-2390572
-2390572
-2390572
-2390572
-2390572
-2390572
-2390572
-2390572
-2390572
-2390572
-2390572
-2390572
-2390572
-2390572
-2390572
-2390572
-2390572
-2390572
-2390572
-2390572
-2390572
-2390572
-2390572
-2390572
-2390572
-2390572
-2390572
-2390572
-2390572
-2390572
-2390572
-2390572
-2390572
-2390572
-2390572
-2390572
-2390572
-2390572
-2390572
-2390572
-2390572
-2390572
-2390572
-2390572
-2390572
-2390572
-2390572
-2390572
-2390572
-2390572
-2390572
-2390572
-2390572
-2390572
-2390572
-2390572
-2390572
-2390572
-2390572
-2390572
-2390572
-1646306
-795098
-277362
400778
6389106
6527804
7277110
9692388
9769776
11306818
13298308
13534230
13617200
14427876
14699342
18330630
23105504
23678268
26789014
27592660
31889740
32612874
34455508
38352404
41413582
50391778
51932296
52070608
53441474
53456886
58272308
60528254
61400720
66165296
67056984
68353894
70402400
70597600
77213310
77288578
79570814
80993772
83382180
87631740
87927444
89850936
91769256
92185776
92511692
94222620
94843870
97098896
97120884
97881748
101897828
102500284
103584310
107995602
110417164
113485698
114697754
118075264
119238022
126481100
127725220
137805418
140174404
142094526
144287888
145351786
146130328
147197606
153768230
158084098
159266226
161438860
163266666
165552110
167338504
169666524
173958070
174436852
174522120
175533792
175878328
176626980
179270416
183567202
185713514
189039278
189772822
193069328
194804534
194807650
200269904
201638918
203865678
206987962
209559654
209760228
209895110
215224934
217034598
217273214
218426088
218903346
221011678
221037626
221059998
222465448
225707734
229917710
230652652
230863312
242626236
244398534
246834892
248078862
248373938
250741954
254806392
255088240
257068712
257210070
259880624
260946996
264609606
265858736
266475042
267091698
267234516
268758636
269939214
274266470
275483676
281200026
282881902
284684492
286126614
286231762
288977560
289903172
290676870
294398918
295652766
299130970
299734714
299753592
301477732
302935590
303803874
308438404
311069958
311178922
311635472
312237554
313779232
315067748
315454048
317276472
319440148
321718912
324433816
324932584
326055444
327084348
329166634
331512808
331708032
333054592
336894048
338629872
344371516
352400988
352461580
353119838
355602124
355640550
358644290
359079066
360955824
361120276
361507680
368053284
380460850
383989098
385277480
385696330
387462364
388439498
389313910
390354640
392677568
394800772
395478206
398441414
398933978
399174186
403283272
405296758
406957654
408731142
409521460
410024472
411103696
412526926
413614316
414109610
415152248
418105260
418371676
427395834
