152 1 308
R
106
131
67
86
12
142
91
72
104
6
64
139
85
74
101
44
44
79
105
95
23
140
146
103
77
121
93
95
83
82
149
100
79
74
145
7
14
17
24
90
125
18
27
150
91
11
31
54
57
57
129
112
34
26
42
77
115
17
74
150
81
82
55
30
70
96
103
44
62
141
104
7
7
29
102
86
150
79
9
89
68
147
101
58
116
28
13
51
87
90
52
56
9
65
70
8
74
67
130
45
48
9
56
70
70
125
17
118
60
93
27
86
112
138
43
65
89
92
71
31
118
44
73
28
87
68
14
97
49
15
104
69
126
126
73
133
38
66
59
132
74
96
127
120
35
149
64
102
59
16
93
62
79
2
8
126
93
139
36
60
5
95
138
30
34
90
144
7
135
41
46
120
55
2
31
104
11
59
82
126
131
46
102
124
60
86
146
70
89
50
79
8
58
91
152
55
24
5
62
131
61
9
98
70
14
30
96
140
29
40
13
108
35
61
61
141
143
90
42
123
32
62
1
50
115
115
31
23
26
62
88
151
62
38
29
99
119
128
124
131
93
43
27
69
6
109
70
150
76
151
143
40
84
120
61
122
93
40
20
119
32
69
34
121
81
44
42
93
61
61
28
96
58
96
87
37
106
34
5
53
23
6
125
38
32
147
72
138
122
44
21
62
11
109
148
50
93
22
57
98
72
86
87
9
32
8
82
1
