111 198 3919
154 153 192 186 192 170 196 186 174 160 150 169 152 190 186 166 179 163 162 155 182 173 158 183 155 174 162 181 156 195 174 191 177 197 198 162 175 185 193 161 175 194 198 155 165 199 177 155 190 165 198 167 159 197 152 190 154 180 181 199 174 166 173 198 163 193 165 191 196 181 195 164 197 180 174 162 192 187 150 168 199 160 169 182 161 168 167 163 168 157 194 156 177 189 153 167 160 173 200 162 157 152 158 183 153 192 198 197 169 175 165
20 75 53
74 84 76
103 22 55
1 5 41
16 27 83
89 54 9
12 90 92
48 73 99
74 11 52
19 47 54
23 53 17
71 34 72
78 13 28
23 36 74
48 69 98
87 89 3
12 95 58
60 18 9
106 105 47
104 58 56
51 86 83
49 6 48
67 1 67
74 24 15
44 28 61
98 110 86
6 100 1
24 64 38
65 35 50
49 3 46
58 59 22
70 33 29
55 70 51
2 7 17
87 63 82
45 50 88
65 105 100
65 22 11
62 71 41
58 11 100
93 109 26
35 83 50
51 20 7
85 1 45
17 80 22
82 80 88
67 107 41
3 89 21
85 2 3
31 33 35
107 27 61
69 64 27
43 53 50
26 47 45
85 111 18
10 61 60
98 3 27
33 11 42
24 86 9
42 19 69
82 46 49
61 19 47
42 51 50
103 106 73
30 8 41
67 104 39
30 54 80
22 9 40
53 34 98
55 97 79
60 88 81
59 70 76
97 31 99
108 18 61
64 77 21
84 26 19
25 30 94
4 81 83
33 73 79
22 42 14
3 80 55
47 20 89
109 96 42
56 16 63
50 75 82
79 94 11
38 55 8
110 39 62
88 1 15
38 66 35
28 42 54
15 27 20
26 8 63
14 97 30
42 27 19
105 70 27
102 19 75
71 109 95
5 61 12
8 14 14
54 77 56
62 3 34
64 2 99
1 38 35
22 85 85
45 52 32
67 62 47
13 44 6
73 16 42
103 42 83
34 43 48
68 91 20
89 102 41
99 107 6
42 98 15
66 58 37
104 14 88
10 22 91
10 18 55
6 73 92
13 23 43
31 14 92
27 57 54
105 45 60
87 31 16
35 48 19
111 34 74
52 82 22
24 56 56
67 19 98
48 31 89
67 97 87
107 71 10
74 75 46
35 70 19
74 68 98
19 75 58
84 68 48
15 66 16
60 81 62
56 65 98
73 66 76
82 54 69
39 30 86
75 87 65
28 48 77
93 18 69
103 56 83
76 39 52
35 49 57
33 23 13
38 46 42
59 11 91
70 26 88
89 17 11
35 100 13
55 37 95
72 64 44
77 31 73
64 102 4
108 63 42
101 109 54
67 65 83
95 9 31
7 82 80
65 87 81
57 96 34
96 87 66
78 91 60
7 65 10
24 4 29
17 70 83
104 100 36
81 96 20
103 99 48
19 94 16
58 13 65
77 71 4
55 98 41
68 36 50
104 19 69
98 102 25
82 78 94
96 18 40
25 20 19
65 110 41
18 38 54
68 46 36
92 9 46
85 55 16
8 103 87
21 38 68
22 35 60
69 44 86
49 20 2
51 54 93
43 3 50
62 108 73
