70 200 5171
191 184 175 177 152 179 190 160 197 179 162 157 190 200 156 172 186 192 193 154 165 156 181 173 163 192 168 160 181 171 186 192 191 156 175 173 194 181 165 160 174 169 164 187 163 172 180 157 167 164 192 165 166 183 184 159 174 166 171 192 159 150 165 195 177 172 169 188 150 162
1 59 80
24 3 42
45 53 32
19 39 11
54 28 57
56 27 74
23 32 47
10 14 76
27 19 88
43 49 77
32 46 89
29 67 20
56 12 17
37 48 94
61 34 74
22 52 59
31 42 67
15 13 2
63 53 77
15 14 78
29 8 55
6 52 41
63 61 76
10 5 27
22 43 21
61 30 18
52 35 49
38 59 39
1 50 50
2 31 32
67 6 12
35 52 44
60 65 93
45 7 40
65 59 52
66 14 15
58 37 99
44 69 95
51 23 75
1 69 15
25 41 28
54 12 5
13 47 55
65 46 52
66 3 7
52 50 63
53 33 82
1 53 69
10 8 40
18 56 15
49 11 60
31 70 94
7 5 27
8 59 5
22 35 10
24 27 91
41 20 60
55 8 60
23 6 66
33 19 6
25 22 25
38 26 73
15 57 44
46 51 39
44 24 99
67 50 42
59 27 8
16 43 93
61 28 100
7 43 49
68 35 34
60 31 26
50 42 98
47 6 36
46 35 96
33 20 45
40 13 34
13 38 47
59 7 36
50 65 18
64 35 68
43 50 58
52 63 31
56 2 6
66 12 77
45 40 46
4 55 6
4 39 42
64 1 50
62 70 91
32 40 57
29 43 4
10 30 26
64 57 63
55 37 20
1 64 67
19 53 88
8 27 58
44 37 88
4 6 18
2 21 7
13 55 16
27 46 91
45 43 11
29 44 7
1 7 42
28 43 29
16 2 43
26 23 71
38 66 13
24 50 22
37 12 63
7 15 3
57 1 97
70 63 81
57 37 42
45 33 64
41 66 96
41 11 85
35 31 79
68 46 32
34 7 30
19 26 85
5 15 10
60 53 73
31 43 99
35 16 88
11 36 51
37 7 88
29 34 73
70 7 63
6 2 99
35 24 36
7 70 5
19 33 74
26 27 61
14 15 94
38 29 85
3 26 82
61 1 59
36 46 56
45 1 57
57 55 93
69 42 87
62 41 37
49 43 47
10 40 27
15 54 70
16 47 9
42 12 46
5 24 94
44 4 15
16 42 45
33 61 29
60 63 42
24 41 50
39 36 96
24 28 31
32 15 90
40 54 55
8 34 70
45 27 13
4 61 82
55 22 64
42 9 78
18 70 25
28 9 82
7 37 71
8 45 94
11 59 9
10 47 73
50 39 94
57 33 18
19 14 90
10 31 37
65 8 6
1 9 79
29 57 39
40 36 74
9 29 23
16 37 11
9 2 21
51 53 60
12 51 76
41 8 77
44 34 24
7 21 33
66 52 24
33 10 1
18 32 4
12 34 54
19 21 48
9 63 35
10 70 29
2 27 55
25 64 49
52 65 97
15 61 70
30 3 9
34 8 60
