100 200 3221
166 174 152 190 178 179 184 162 154 155 195 192 156 181 200 165 159 200 191 176 161 196 180 170 187 192 154 153 168 153 177 159 158 165 197 197 157 200 163 167 188 172 200 172 168 199 169 195 176 190 178 183 152 160 200 179 165 195 191 179 171 195 188 199 193 179 154 159 181 193 192 162 200 159 173 182 164 153 161 160 169 186 161 178 185 161 155 164 164 168 187 193 182 194 191 158 174 169 172 195
45 26 72
13 86 81
72 51 27
34 89 9
8 80 70
3 82 15
33 9 51
27 67 57
66 53 79
86 29 16
59 77 20
80 43 42
3 30 91
16 98 66
59 3 14
45 52 95
81 70 42
95 89 49
69 66 4
88 60 79
65 21 19
95 86 92
6 72 46
5 84 38
44 35 43
58 36 57
40 90 89
67 6 91
69 71 24
54 88 80
51 21 24
21 88 89
24 37 87
52 93 90
51 9 54
18 87 79
9 71 71
43 90 63
70 63 54
97 39 34
99 89 11
92 40 95
46 79 61
91 99 67
32 35 4
25 69 83
40 5 28
46 54 91
48 60 38
2 37 56
35 38 54
91 79 5
79 98 3
71 28 55
56 89 51
44 74 73
96 16 63
10 54 17
82 58 49
13 87 46
73 42 42
42 100 28
40 6 57
37 68 78
60 87 51
2 15 72
72 43 20
6 55 71
55 42 38
96 87 81
35 32 32
92 42 48
60 20 89
31 3 60
56 79 79
58 46 1
63 83 88
51 53 19
52 38 35
54 67 9
86 11 30
93 8 32
31 91 87
95 42 82
69 35 70
72 26 19
3 24 78
12 2 85
60 61 22
28 46 90
50 69 9
16 79 89
54 76 85
40 94 74
32 39 91
11 20 1
29 31 24
100 45 26
36 28 69
28 78 4
88 23 23
65 69 49
64 66 87
73 62 44
46 50 88
80 4 47
6 57 45
31 33 11
51 100 45
74 85 69
73 33 14
98 79 35
94 35 37
16 94 72
55 49 55
26 28 75
52 19 100
6 18 62
90 80 95
45 75 97
6 67 40
86 3 2
63 4 47
79 56 6
28 56 10
100 98 56
21 17 92
54 33 46
20 93 79
8 43 87
95 94 65
35 27 71
1 84 33
81 97 1
11 25 70
91 95 66
53 91 76
27 25 61
41 29 37
28 49 37
72 89 14
54 61 34
30 58 70
99 57 91
100 96 14
42 34 18
96 13 27
26 37 92
13 14 74
51 29 5
13 33 31
59 9 17
35 76 33
47 13 73
68 13 34
19 37 49
2 36 56
40 17 63
50 23 52
27 100 4
39 32 66
12 37 32
46 1 1
28 32 93
99 62 92
3 58 8
31 35 67
97 59 72
79 68 4
68 17 85
37 28 86
94 81 98
19 25 29
14 4 20
13 76 74
82 45 1
34 14 89
19 93 75
59 72 79
75 94 14
44 72 57
49 52 33
96 61 27
1 44 60
67 29 97
81 90 36
73 15 32
76 49 65
59 64 66
63 48 55
86 94 5
79 35 56
69 100 69
45 78 39
9 3 76
98 92 40
16 33 40
92 31 56
32 38 95
96 64 53
