70 200 550
183 174 159 151 190 191 152 183 188 171 199 189 153 158 171 185 194 164 193 180 195 151 182 165 188 188 182 196 161 188 164 162 199 152 195 183 178 163 150 151 174 185 191 188 155 175 152 179 178 150 176 194 175 198 161 189 151 194 193 195 152 160 157 183 150 172 197 158 169 181
68 64 49
58 9 92
40 68 58
16 64 17
47 27 16
36 54 34
41 32 38
70 51 14
10 51 66
70 32 56
39 28 58
43 61 4
60 54 10
12 16 49
27 53 19
11 19 89
66 55 92
30 25 35
61 22 64
55 32 41
22 47 2
52 50 64
58 18 69
68 55 64
8 1 41
16 22 70
22 42 15
15 51 54
44 64 98
63 22 4
11 68 39
64 8 60
67 50 85
5 17 30
6 56 29
52 49 18
36 10 92
2 53 6
37 8 5
20 4 7
3 26 31
54 49 17
35 16 72
22 6 43
16 69 4
18 3 82
68 8 88
1 24 40
15 61 31
19 1 84
43 30 53
47 44 71
70 36 71
54 23 19
1 40 42
9 35 88
62 52 32
42 34 18
23 45 76
16 57 48
39 46 35
31 32 10
2 12 38
57 33 66
23 30 82
13 30 83
43 63 75
57 68 36
2 48 44
52 1 50
21 44 45
29 3 50
31 33 10
48 41 26
40 13 41
50 61 87
4 45 7
2 3 70
15 20 37
39 50 27
16 7 71
37 38 88
58 62 97
32 31 80
14 33 76
59 66 10
13 58 9
52 9 73
5 47 83
54 53 46
36 58 16
52 24 42
57 8 9
33 1 53
63 52 61
11 6 62
61 17 66
19 59 96
21 64 23
20 68 79
21 5 10
43 36 100
23 67 90
34 2 85
70 14 81
31 63 7
6 64 2
67 11 55
9 20 91
5 42 91
2 49 53
69 32 12
56 63 41
1 2 42
43 52 94
56 21 11
19 56 77
44 43 5
26 60 47
4 51 4
7 65 94
34 18 28
70 62 97
57 10 98
52 27 91
8 70 38
36 56 20
21 63 98
65 39 11
69 13 80
42 7 69
4 38 97
11 63 42
31 24 55
7 45 97
12 50 12
33 27 64
56 58 25
46 61 15
27 45 79
38 30 93
51 50 74
15 47 21
44 39 84
3 56 26
55 25 30
45 47 18
19 10 71
48 44 93
49 59 67
12 67 19
1 63 69
64 47 61
57 61 19
18 2 92
9 21 87
1 67 6
34 63 36
7 56 2
42 54 46
42 32 4
60 39 16
32 46 63
62 34 100
39 18 31
53 18 48
36 8 95
3 49 50
18 42 90
38 69 42
70 50 98
37 5 67
63 47 59
2 27 89
26 29 21
4 10 92
66 45 2
64 29 34
19 27 97
26 62 26
50 34 1
8 44 49
59 28 15
50 32 100
27 61 11
15 23 33
14 50 32
45 34 17
64 55 30
3 67 20
64 4 80
31 9 75
70 56 93
27 15 85
7 23 43
20 15 84
50 14 34
47 4 89
8 28 62
18 45 27
