5000 1242657 1000
-999131036 2
-998303654 2
-998200504 2
-997613222 2
-997108858 2
-996649734 2
-996460586 2
-995737480 2
-995517218 2
-995250940 2
-995231484 2
-994266216 2
-994183218 1
-993598582 1
-992663398 1
-991838718 1
-991686866 1
-991616700 1
-991335054 1
-990881594 2
-990440708 2
-990405662 1
-989765004 1
-989119482 1
-988994762 1
-988727366 1
-988351148 1
-986931138 1
-986671610 1
-985960498 1
-985747198 1
-984748016 1
-984646632 1
-984503958 1
-983747518 1
-983728114 1
-983587704 2
-983228490 2
-982964096 2
-981214832 2
-981162344 2
-980389582 2
-979914324 2
-979827068 2
-978954184 2
-978682770 2
-978510426 2
-978339574 2
-977918134 2
-977872230 1
-977697870 1
-977430124 1
-977086808 1
-977047978 1
-976302070 1
-975419748 1
-975361856 1
-974312676 1
-974190708 1
-973299266 1
-972737562 1
-972404680 2
-972143434 2
-972005594 2
-971877024 2
-971533420 2
-971453738 2
-970462182 2
-969920290 2
-969875954 2
-969641756 2
-968918244 2
-968568230 2
-968149188 2
-967799178 2
-967360542 2
-967234514 2
-966625398 2
-966548432 2
-966465466 2
-966352194 2
-965451830 2
-964921532 2
-964837424 2
-964701688 1
-964663720 1
-963894120 1
-963377868 1
-963171888 2
-962257350 2
-962211648 2
-961162680 2
-960815482 2
-960244748 1
-959846840 1
-959403892 1
-959341034 1
-957756938 1
-956421044 1
-955849476 1
-954656008 1
-954633440 1
-954597696 1
-954561310 1
-954143134 1
-953632408 1
-953459610 1
-953396454 1
-951667202 1
-951571030 1
-951262144 1
-951096610 1
-951030254 1
-949604962 1
-949426428 1
-948957132 1
-948920932 1
-947953846 1
-947864684 1
-947835716 1
-946627090 1
-946362700 1
-945694518 2
-945477976 2
-943741810 2
-942609832 2
-942337230 2
-942153116 2
-941317612 1
-941270666 1
-940694672 1
-940380230 2
-939808416 2
-939775724 2
-939643238 2
-939589960 2
-939327362 2
-939293384 1
-939004050 1
-938925610 1
-937742290 1
-937742068 1
-937740694 1
-937559424 1
-936490230 1
-936478206 1
-936201386 2
-935812214 2
-935265884 2
-934078126 2
-934003928 2
-933606708 2
-933246058 2
-933208324 2
-933039250 1
-932785296 1
-932738168 1
-932110182 1
-931959536 1
-931316816 1
-930562156 1
-929684862 1
-929560136 1
-929518824 1
-928756300 1
-928642344 1
-928412048 1
-928401950 1
-927198268 1
-925627728 1
-924891380 1
-924547724 1
-923064988 2
-921530510 2
-921016994 2
-920944972 2
-919813090 2
-919703332 2
-919247252 2
-919189856 2
-917007700 2
-916615308 2
-915558988 2
-914617612 2
-914570468 2
-914076750 2
-914011732 2
-913938432 2
-913396888 2
-913202902 1
-913107340 2
-911895690 2
-911800226 2
-911581086 2
-910347352 2
-910329460 2
-909641174 1
-909554202 1
-909453086 1
-908635626 1
-908592436 1
-908322002 1
-908208394 1
-907626886 1
-907501080 1
-907487348 1
-906948706 1
-906399314 1
-904895398 1
-904641746 2
-904303748 2
-904221958 2
-902088742 2
-901657578 2
-901243856 2
-901066102 1
-900074060 1
-900021354 1
-899441494 1
-898855546 1
-898736902 1
-898689824 1
-897926472 1
-897797914 1
-897788430 1
-897756518 1
-897560702 1
-897132344 1
-896983576 1
-896820880 1
-896094460 1
-895732620 1
-895638898 1
-895393716 1
-895227228 1
-894952216 1
-894752694 1
-894598952 1
-894461974 1
-893981256 1
-893556666 1
-893352448 1
-893161216 1
-892730816 1
-892444126 1
-892413030 1
-892212896 1
-891866740 1
-891749652 1
-891394450 1
-891000344 1
-890631906 1
-890435658 1
-890368776 1
-890335678 1
-890288668 1
-889875370 1
-889279546 1
-888319534 1
-888064506 1
-887754070 1
-887638914 1
-887386968 1
-887293870 1
-886920866 2
-886627824 2
-886544546 2
-885994864 2
-885730742 1
-885583040 2
-885543172 2
-884945278 2
-884704910 2
-884408396 2
-884034482 2
-883744368 2
-883709196 2
-883020610 2
-882873026 2
-882227640 2
-881411304 2
-881176364 2
-881015796 2
-880861962 2
-880836578 2
-879067978 2
-878662094 2
-878430354 2
-878379226 2
-877828596 2
-877120708 2
-876342704 2
-876153584 2
-875511084 2
-875142960 2
-875103514 2
-875008162 2
-874971870 2
-874719478 2
-874621564 2
-874179648 2
-873994748 2
-873987792 2
-873583780 2
-872408934 2
-872329442 2
-872275262 2
-872048108 1
-871556098 1
-870903050 1
-870804640 1
-870733024 1
-870458812 1
-870206824 2
-870125798 2
-869646392 2
-869550584 2
-869507950 2
-869460848 2
-869097592 2
-868937788 1
-868773022 1
-868032174 1
-867122882 1
-866495610 1
-866490192 1
-865847328 1
-865477718 1
-865148620 1
-864175946 2
-863700244 2
-863232940 2
-863217924 2
-863052420 2
-862407900 2
-861982612 2
-861977194 2
-861575758 2
-861297994 2
-861243622 2
-861088528 2
-860874236 2
-860666740 1
-859978030 1
-859496010 1
-859404762 1
-859257430 1
-859082490 1
-858843436 1
-857676648 1
-857539572 1
-856597456 2
-856305694 2
-855787196 2
-855780798 2
-855592078 2
-855548778 2
-855194660 2
-854440118 2
-853938924 2
-853300140 2
-851303104 2
-850905442 2
-850694682 2
-850433392 2
-849572998 2
-849570486 2
-849296356 2
-848817594 2
-848647000 2
-848391470 1
-847821352 1
-847817962 1
-847657534 1
-845680922 1
-844959772 1
-843171658 1
-842951750 1
-842818724 1
-841839268 1
-841550390 1
-841351702 1
-840284286 1
-839705740 1
-838821476 1
-838712430 1
-837946830 1
-837655768 1
-837646848 1
-837367546 1
-835735052 1
-835164422 1
-834983000 1
-834209518 1
-834060114 1
-834059218 1
-832610974 1
-830302042 1
-829275878 1
-829034492 1
-828986694 1
-828776876 1
-828542926 1
-827973042 1
-827316278 1
-827176718 2
-826878520 2
-826869994 2
-824976136 2
-824639296 2
-824505842 2
-823794322 2
-823756010 2
-823282180 2
-823061988 2
-822663112 2
-822018120 2
-821791742 1
-821447304 1
-821007018 1
-820877868 2
-820593106 2
-820377540 2
-819986720 2
-818957380 2
-818721016 2
-818310980 2
-817404670 1
-817379518 1
-817376342 1
-816604290 2
-816178888 2
-815977448 1
-815714118 1
-815391570 1
-814752952 1
-813383504 1
-813126372 1
-812969804 1
-812765796 2
-812648644 2
-812600592 2
-812332336 2
-812120978 2
-812059746 2
-810997008 2
-809969640 2
-808863898 2
-808789446 2
-808594044 2
-807860682 2
-806765582 2
-806008058 2
-805741426 2
-804873720 1
-804429614 1
-804344258 1
-804163052 1
-802869982 1
-802676478 1
-801620438 1
-801373554 1
-801271342 2
-800942640 2
-800838766 2
-800701506 1
-800309582 1
-799802938 1
-799144376 1
-797537532 1
-796903032 1
-796332504 1
-795895162 1
-795787020 1
-795539494 1
-795248040 1
-794724666 1
-794707554 1
-793588772 1
-793320724 1
-791880352 1
-791736182 1
-791622586 1
-790603134 1
-790468060 1
-790204546 2
-790202066 2
-790003784 2
-789883166 2
-789736222 2
-789730772 2
-789695480 2
-789540818 2
-788952974 2
-788793536 2
-788744556 2
-788534946 2
-788380406 1
-788311576 1
-787473312 1
-787042684 1
-786873732 1
-786684624 1
-786199794 2
-786110232 2
-786054984 2
-785770070 2
-785732932 2
-784634158 2
-784432558 2
-784272056 2
-783847686 2
-783803956 2
-783802424 2
-783691838 2
-783685084 2
-783673018 2
-783633560 2
-782549912 2
-782516946 2
-781725490 2
-781413294 2
-780164446 2
-779684536 2
-779391310 1
-778946422 1
-778630608 2
-778161598 2
-778047132 2
-778018222 2
-777887884 2
-777810890 2
-777565474 2
-777214306 2
-777073502 2
-776988172 2
-776873116 2
-776838226 2
-776835164 2
-776787346 2
-776468374 2
-776280070 2
-775833916 2
-775566370 2
-775406240 2
-774747638 2
-774732614 2
-774550430 2
-772811104 2
-772736598 2
-772669264 2
-772122514 2
-770818684 2
-770388696 2
-769215616 2
-769017006 2
-768818854 2
-768489936 2
-767749598 2
-767701216 2
-767457322 2
-765964310 2
-765958682 2
-765069204 2
-763889602 2
-763760692 1
-763629218 1
-763623304 1
-762694656 1
-762664654 1
-762618340 1
-762497290 1
-761988352 1
-761839978 1
-761509418 1
-761103364 1
-760431466 1
-759796646 1
-759448520 1
-758452494 1
-758066678 1
-757484700 1
-757363880 1
-756902730 1
-755614724 1
-755261438 1
-754826798 1
-753827776 1
-753647396 1
-753462296 1
-753403322 1
-752980350 1
-752971958 1
-752704704 1
-752591950 1
-752418118 2
-751997870 2
-751648266 2
-751595900 1
-751372890 1
-750652944 1
-750126566 1
-748513326 1
-747864114 1
-747803062 1
-747461064 1
-746822204 1
-746116582 1
-744988076 1
-743284896 1
-742862678 1
-742025468 2
-741763378 2
-740500716 2
-739624866 2
-739425376 1
-739246570 1
-739181182 1
-739112348 1
-739003398 1
-738656876 1
-738335570 1
-737848580 1
-737692952 1
-737255122 1
-736328002 1
-736229440 1
-735069342 1
-733807332 1
-733627286 2
-732510568 1
-731804186 2
-731473382 2
-731137098 2
-730797704 2
-730790158 2
-730685294 1
-730123096 1
-730112432 1
-729935840 1
-729777890 1
-729481658 1
-729238492 1
-729154488 1
-727898810 1
-726665044 1
-726635588 1
-726265436 1
-725999320 1
-725978596 1
-725901424 1
-725319778 1
-725111208 1
-724048250 1
-724002170 1
-723928242 1
-723907530 1
-723363830 1
-722950326 1
-722907846 1
-722365130 1
-721684448 1
-721506498 1
-721172740 1
-721029198 1
-720893766 1
-720410874 1
-719496572 1
-719470142 1
-719133840 1
-718472528 1
-718010226 1
-717935062 1
-717702828 1
-716958148 2
-716673956 2
-716443768 2
-715699436 2
-714954612 2
-714769100 2
-714685162 2
-714577182 2
-713265444 2
-712957424 1
-712694344 1
-711425426 1
-711090194 1
-711008848 1
-710120458 1
-709400512 1
-709283398 1
-708844596 1
-708290120 1
-708164758 1
-707790016 2
-707775126 2
-707521466 2
-706886926 1
-706593448 1
-706566294 1
-705397984 1
-705280078 1
-705252972 2
-705189762 2
-704793630 2
-704751396 1
-704396768 1
-704348534 1
-703355088 1
-702904026 1
-702639758 1
-702102744 1
-701953814 1
-701853000 1
-700802218 1
-700345352 1
-700342538 1
-699713754 1
-699639174 1
-699547694 1
-699468266 1
-698974498 1
-697690242 1
-697361806 1
-697321588 1
-696810512 1
-696394236 1
-696378652 1
-696363758 1
-696076564 1
-695862306 1
-695370922 1
-694857162 1
-694815816 1
-694699306 1
-694669466 1
-693994204 2
-693819596 1
-693305722 1
-692767416 1
-692754640 1
-692130722 1
-692107244 1
-691905198 2
-691799578 2
-691636258 2
-690854300 2
-690798068 1
-690700342 1
-690135690 1
-690055456 2
-689526116 1
-689456922 2
-689203052 2
-688904118 2
-688857526 2
-687788994 2
-687319260 2
-686817814 2
-686691920 2
-686118030 2
-686050468 2
-685428912 2
-683916778 2
-683760662 2
-683640300 2
-682997250 2
-682520436 2
-682400912 2
-681849270 2
-681768478 2
-680971176 2
-680942670 2
-679690138 2
-679449952 2
-679401844 2
-678850332 2
-678813052 2
-678502776 2
-678369454 2
-678114928 2
-678037736 2
-677194188 2
-677150250 2
-676920782 2
-676877760 2
-676755096 2
-676696742 2
-674999878 2
-673283882 2
-672409304 2
-672163338 2
-671781696 2
-671425580 2
-671157946 2
-670753726 2
-670507714 2
-670138528 2
-669825892 2
-669442222 2
-668770674 2
-668747398 2
-668741680 2
-668617258 2
-667816446 2
-667411328 2
-667178196 2
-666302958 1
-666292112 1
-666126436 1
-664095082 1
-664006072 1
-663700154 1
-663164908 1
-662904162 1
-662858472 1
-662763000 1
-662296010 1
-661776258 2
-661375290 2
-660763098 2
-660229356 2
-659761586 2
-657557304 2
-657113100 1
-656752800 1
-656650102 1
-655352292 1
-654412436 1
-653756588 1
-653424722 1
-653030648 1
-652648898 1
-652473788 1
-652023146 1
-651633884 1
-650526010 1
-650003488 1
-649428672 1
-648615634 1
-648530278 1
-648530226 1
-648079496 1
-647659324 1
-647137172 1
-647046074 1
-646774308 1
-646015886 1
-645837828 1
-645582026 1
-645535020 1
-644530234 1
-644077278 1
-643980100 1
-643946656 1
-643900190 1
-643074148 2
-642492690 2
-641836048 2
-641670010 2
-641667470 2
-641473628 2
-641349218 2
-639780954 2
-639352474 2
-637772450 2
-637535958 2
-637491786 2
-636953288 2
-636490246 2
-635702260 2
-635200938 2
-635090254 2
-634067810 2
-633790676 2
-633760432 2
-633604726 2
-633500996 2
-633244824 2
-632974320 2
-632484122 2
-632198002 2
-631306046 2
-631124118 2
-630710130 2
-630695552 2
-630620816 2
-630169276 2
-630143336 2
-629756892 2
-628695586 2
-628138828 2
-627737618 2
-627635630 2
-627398364 2
-627294194 2
-626890594 2
-626877726 2
-625479030 2
-624791570 2
-624467390 2
-624432756 2
-624381792 2
-624333762 2
-624328096 2
-624256002 2
-624132916 2
-624064186 2
-623300116 2
-623103720 2
-623079058 1
-622783244 1
-622171858 1
-621964260 1
-621756042 2
-621622266 2
-621465296 2
-621270044 2
-620978704 2
-620311488 1
-618139820 1
-617921522 2
-617769108 2
-617584434 2
-617007064 2
-616927460 2
-616907088 2
-616211882 2
-615653478 2
-613218368 1
-612993592 2
-612547338 1
-612432282 1
-611993794 1
-611899482 1
-611617196 2
-611005530 2
-610634056 2
-610067630 2
-610011882 2
-609092758 2
-608865762 2
-608556438 2
-608039424 2
-608020722 2
-607941490 2
-606320580 2
-606187784 2
-606163332 2
-605474752 2
-605243300 1
-605128828 1
-605095802 1
-604941758 1
-604696806 1
-604682534 1
-604552824 1
-604313970 1
-603789838 1
-603780774 1
-601864158 1
-601515362 1
-601131294 1
-601046008 1
-600748720 1
-600695062 1
-600449350 1
-600303164 1
-600206592 1
-600058970 2
-599506202 2
-599322768 2
-599166176 2
-599144934 2
-598288156 2
-598258130 2
-598239522 2
-597772800 2
-597078900 2
-595334150 2
-594273532 2
-594087328 2
-593493950 2
-593443880 2
-593312118 2
-593025766 1
-592970568 1
-592772434 2
-592365522 2
-592111654 2
-591606012 2
-591094160 2
-590774160 2
-590469114 1
-590174754 2
-590015220 1
-589634624 1
-589194250 1
-588454302 1
-588118234 1
-587562752 1
-586746706 1
-585946058 1
-585293610 1
-585021302 1
-584624830 1
-583923386 1
-583753872 1
-581927788 1
-581643478 1
-581222228 1
-580925986 1
-580779486 1
-580308294 2
-580151050 2
-579832564 2
-579716536 2
-579393762 2
-578329234 2
-578223496 2
-577760332 2
-577458304 2
-576840932 2
-576803800 2
-576268960 2
-575391984 2
-575269930 2
-574703724 2
-574283518 2
-573825106 2
-573568196 2
-572913010 2
-572724564 1
-572489042 1
-572288568 2
-572246854 2
-572166474 2
-571870814 2
-571539828 2
-571450966 2
-571383646 2
-571349110 2
-571213270 1
-571025720 1
-570906478 1
-570670030 1
-570574962 1
-570064984 1
-569430072 1
-569056866 1
-568248726 2
-567679752 2
-567578872 2
-567476892 2
-567304922 2
-566613094 2
-566377280 2
-566141940 1
-565463326 1
-565414070 1
-565240368 1
-564566702 1
-564435344 1
-564279948 1
-563792552 1
-563314366 1
-563097352 1
-562665022 1
-562491756 1
-562395232 2
-561171902 2
-560428180 2
-560264062 2
-560081420 2
-559769454 2
-558808310 2
-558110922 2
-557956740 2
-557140786 2
-556475392 2
-556468686 2
-556391352 2
-556106156 2
-555614484 2
-555075346 2
-555066010 2
-554319550 2
-554239706 2
-552876922 2
-552724230 2
-552594604 2
-552416618 2
-551192362 1
-551186744 1
-551131562 1
-550839688 1
-550388608 1
-550047174 1
-549937986 1
-549906636 1
-549387966 1
-549151276 1
-549146602 1
-548917832 1
-548281442 1
-548224552 1
-548222684 1
-547782192 1
-547683490 2
-547233670 2
-546480474 2
-546312884 2
-545206108 1
-545037612 1
-544722446 1
-544468576 1
-544241564 2
-542452850 2
-541812690 2
-540036540 2
-539846818 2
-539614752 2
-539162470 2
-538374286 2
-537991222 2
-537765568 2
-536877572 2
-536238756 2
-536061510 2
-535443330 2
-535161278 1
-534482694 1
-534254902 1
-534137704 1
-533663622 1
-533560162 1
-533477980 1
-533187102 1
-532637934 1
-531739362 1
-531652946 1
-531641330 1
-531042046 1
-528942942 2
-528441840 2
-528090632 2
-527400942 2
-527157232 2
-526839534 2
-526537308 2
-526516042 2
-526383524 2
-525748610 2
-525740678 2
-525334494 2
-525063114 2
-524989690 2
-524045080 2
-523913318 2
-523508424 2
-523095872 2
-523013104 2
-522236642 2
-521719736 1
-521133002 1
-521118372 1
-520839848 1
-519801458 1
-519639680 1
-519130356 1
-518989084 1
-518752386 1
-518265806 2
-518157388 1
-516816524 1
-516784468 1
-516579624 1
-516578372 2
-516254932 2
-514446874 2
-513833180 2
-513727824 1
-513721110 1
-512031364 1
-511746748 1
-511526618 2
-511491342 2
-510392500 2
-510336420 1
-510079522 1
-510003684 1
-509088138 1
-508925984 1
-508684038 1
-507875290 1
-507776974 1
-506972230 1
-506648118 1
-506051992 1
-505601880 1
-504811418 1
-504757136 1
-504741708 1
-504141412 1
-503419454 1
-503379046 2
-503163464 2
-502971084 2
-502563326 2
-502193652 1
-501837938 1
-500959562 1
-500336218 2
-499791518 2
-499339218 2
-498941476 2
-498940804 2
-498475576 2
-498167654 2
-497578622 2
-497422210 2
-497255592 1
-496999804 1
-496911282 1
-495729638 1
-495100294 1
-494852818 1
-494695514 1
-494297442 1
-494082540 1
-494023392 1
-494011068 1
-493990288 1
-493852914 1
-493676766 1
-493604448 1
-493235834 1
-492843002 1
-492331648 1
-492023130 1
-492004860 1
-491661286 1
-491359668 1
-491354276 1
-491202326 1
-491012092 1
-490984566 1
-489743318 1
-488961734 1
-488916726 1
-488900650 1
-487730552 1
-487331388 1
-487067476 1
-487041712 2
-486768698 2
-486307300 2
-485905632 2
-485746368 2
-485386430 1
-484818980 1
-484551894 1
-484439862 1
-484090902 1
-483982536 1
-483286052 1
-482733444 1
-482733026 1
-482666630 1
-482357660 1
-481930134 1
-481906756 1
-481020116 1
-480991302 1
-480486408 2
-479859688 2
-478820864 2
-478357206 2
-478345260 1
-478085626 1
-477443114 1
-476944186 1
-476251040 1
-476043704 1
-476023170 1
-475836602 1
-475650746 1
-475303014 1
-474771342 1
-474393974 2
-474199732 2
-473637196 2
-473577232 1
-473292676 1
-472573786 1
-472433380 1
-470495816 1
-470370620 2
-469743240 2
-469568282 2
-468617772 2
-468349104 2
-467810862 2
-467086986 2
-466890506 2
-466395010 2
-466168564 2
-465781764 2
-465712114 2
-464876490 2
-464611400 2
-464004954 2
-463830018 2
-463588118 2
-463492638 2
-462954982 2
-462693374 2
-462344834 2
-461942748 2
-461811088 2
-461245016 2
-461056200 1
-460909734 1
-460824724 1
-460805430 1
-460794452 1
-460687254 1
-459841624 1
-459748488 1
-459728598 1
-459573868 2
-459538582 2
-459253952 2
-459247824 2
-458624396 2
-458436780 2
-458339086 2
-457854626 1
-457797994 1
-456790706 1
-456250988 1
-455799300 1
-455485718 1
-454861802 1
-454736108 2
-454066448 2
-453533202 2
-453328556 2
-453269042 2
-453205814 2
-453169408 2
-452811096 2
-452117494 2
-451836654 2
-451001310 2
-450867974 2
-449736340 2
-449718734 2
-449643894 2
-449584650 2
-449454176 2
-449036120 2
-448860250 2
-448606490 2
-448348620 2
-448069862 2
-447714962 2
-447261028 2
-446866382 2
-446720822 2
-446656820 2
-446449342 2
-446099460 2
-445768586 2
-445652372 2
-445457072 2
-445143442 2
-445112280 2
-444721476 2
-443276166 2
-443128624 1
-442886668 1
-442677532 1
-442473820 1
-442438472 1
-442108192 1
-442106960 1
-441508974 2
-441033214 2
-440594394 2
-440206562 2
-440110748 2
-439823644 2
-439568194 2
-439172426 2
-439043956 2
-438808792 2
-438411902 2
-438090300 2
-437630456 2
-435910682 2
-435871682 2
-435838142 2
-435648400 2
-432997976 1
-432744928 1
-432728404 1
-432192708 1
-431802550 1
-431111868 1
-431073670 1
-430967434 1
-430872122 1
-430868534 1
-430415292 1
-430359846 1
-429791978 1
-429786816 1
-428718990 1
-427068218 1
-426865184 1
-426123142 1
-425994524 1
-425838242 1
-425432190 2
-425286544 2
-423178276 2
-422812784 2
-422525926 2
-422405640 1
-422307402 1
-422209170 1
-422087052 1
-420652782 1
-420617654 1
-420455284 1
-420190430 1
-419602516 1
-419281900 1
-419137152 1
-419012950 2
-418936094 2
-418537392 2
-417329300 2
-415964782 2
-415871170 2
-415490690 1
-415242334 1
-415043382 1
-414967454 1
-414726444 1
-414377116 1
-413776922 1
-413538232 1
-413482574 1
-413270796 2
-412834582 2
-412335178 2
-410664300 1
-410319296 1
-409299252 1
-408967822 1
-408937862 1
-408817064 2
-408144428 2
-408066866 2
-407157398 2
-407104060 2
-406346692 2
-406317852 2
-406214152 2
-405647888 2
-405519248 2
-404871270 2
-404714388 2
-404220460 2
-402857784 2
-402234750 2
-401587996 2
-401572564 2
-401259424 2
-401169866 2
-400379188 2
-400202306 2
-399952348 2
-399740762 2
-399192878 2
-399137734 2
-398927696 1
-398572982 1
-398277478 1
-398134860 1
-397502464 1
-396665900 1
-396005986 2
-395747408 2
-395450716 2
-394928004 2
-394765306 2
-393988648 2
-393617058 2
-393267778 1
-392470554 1
-392081700 1
-390814908 1
-390389306 1
-390049222 1
-389436744 1
-389060832 1
-388509334 1
-388293374 1
-388085498 1
-388080620 1
-388044122 1
-387913842 1
-387797688 1
-387527124 2
-387514194 2
-387204764 2
-387102810 2
-386780758 2
-386548942 2
-385885716 2
-385804608 2
-384970966 2
-384876758 2
-382689454 2
-382644250 2
-382279266 2
-381510834 2
-381142258 2
-380530122 2
-380466740 2
-380431260 2
-379882422 2
-379564002 2
-379513748 2
-378767060 2
-377615254 2
-377599886 2
-377478342 2
-377469002 2
-376519748 2
-376344222 1
-375821592 1
-375609694 1
-375007218 1
-374961510 2
-374175848 2
-373904168 2
-373698088 2
-373689070 2
-373446730 2
-373430950 2
-373052668 2
-372799846 2
-372256450 2
-371944592 2
-371568366 1
-370116982 1
-369634832 1
-369133028 2
-369016696 2
-368803578 2
-368548704 2
-368484326 2
-368152962 2
-367815780 2
-367379072 2
-366982656 2
-365605638 2
-365268132 2
-364880642 2
-364534916 2
-364022240 2
-364022114 1
-363955144 1
-363269702 2
-363162770 2
-363114904 2
-362482300 2
-362011062 2
-361858916 2
-360646152 2
-359053236 2
-357785448 2
-357711796 2
-356706794 2
-356662160 2
-356354880 2
-356216540 2
-356046120 2
-356028286 2
-356012604 2
-355121274 2
-354885370 2
-354721554 2
-353959142 2
-353698292 2
-353185344 1
-352980590 1
-352731186 1
-352511344 1
-352090112 1
-351972922 1
-350895920 1
-350616916 1
-350382078 1
-350162060 1
-350076036 1
-349364854 1
-349059618 1
-348746738 1
-348548220 2
-348329084 2
-347530298 2
-347103372 2
-346281580 2
-345338592 2
-345128016 2
-344973852 2
-344228018 2
-344064072 1
-343966172 1
-343006924 1
-342750778 1
-342694114 1
-342441026 1
-341981540 1
-341907084 1
-341807290 1
-341029532 1
-340994978 1
-340898866 1
-340798772 1
-340243816 1
-339609222 2
-339035604 1
-336904602 1
-336872788 1
-336752344 1
-336712140 1
-336375802 1
-335984740 1
-335781694 1
-335531324 1
-334400398 1
-334259116 1
-334043410 1
-333929744 2
-333900188 2
-332142340 2
-332112280 2
-331327056 2
-331026194 2
-330335298 1
-330266936 1
-328405730 1
-328375044 1
-328337640 1
-328018896 1
-327836114 1
-327739262 1
-327548670 2
-327221264 2
-326552504 2
-326484728 2
-325733928 2
-325665994 2
-325653900 2
-325064828 2
-324371026 1
-324334462 1
-323328488 2
-323010134 2
-322306808 2
-322131374 2
-321544286 2
-320951850 2
-320935322 2
-320852500 2
-320480212 2
-320173068 2
-320058728 2
-320033246 1
-320030818 1
-319085622 2
-318646192 2
-317341704 2
-316548258 2
-316484640 1
-315700516 1
-315589182 1
-315297018 1
-314776572 1
-313953110 1
-313795920 1
-313506564 1
-313336900 1
-313129196 1
-312948888 1
-312940382 1
-312730602 1
-311989294 1
-311387190 1
-310815840 2
-309752088 2
-309655542 1
-309619794 1
-309301814 1
-308877158 1
-307934536 1
-306994944 1
-306645364 2
-306590864 2
-306455420 2
-306341430 2
-305330194 2
-304380332 2
-303960092 2
-303471264 1
-303321208 1
-302100538 1
-301991986 1
-301576826 1
-301446244 2
-301320878 2
-301281172 2
-300098720 1
-299872354 2
-299531146 2
-299434094 2
-299395904 2
-298993344 2
-298929656 2
-298805056 1
-298717988 1
-298418752 1
-298086368 1
-297517990 1
-297241552 1
-297205164 1
-296301216 1
-295829086 1
-295549596 1
-295501406 1
-295472776 1
-295329718 1
-295282668 2
-293849688 2
-293809998 2
-293805154 2
-293798768 2
-293591968 2
-293515982 2
-293434680 2
-293394816 2
-292978224 1
-292779432 1
-292068922 1
-291843770 1
-291608574 1
-291208526 1
-291159454 1
-290962966 1
-290940074 1
-290893870 1
-289958152 1
-289884724 1
-289506116 1
-289090264 1
-288917766 1
-288853898 1
-288674016 1
-288383658 1
-287630272 2
-286655474 2
-285979352 2
-285501578 2
-285227166 2
-285046982 2
-284520860 2
-284131556 2
-283653198 2
-283516684 2
-282651680 2
-282131424 2
-281565984 1
-281382106 1
-281122866 1
-280509046 1
-280133022 1
-280024328 1
-279339158 2
-279295282 2
-279016576 2
-277644832 2
-277501036 2
-277230390 2
-276760288 2
-276422874 2
-276045544 2
-275777890 1
-275532688 1
-274954048 1
-273964670 1
-272287846 1
-271978164 1
-271782668 1
-271370232 1
-270788768 1
-270623968 1
-270411682 2
-270128008 2
-269965030 2
-269353036 2
-269127806 2
-269087952 2
-269015324 2
-268981646 2
-268737392 2
-268088244 1
-267104184 1
-266793016 1
-266246678 1
-266179776 1
-265950126 1
-265938670 1
-265623426 1
-264092882 1
-263926572 1
-263037152 1
-262997606 1
-262416992 1
-262083812 1
-261939408 1
-261764518 1
-261684904 1
-261665534 1
-261550058 1
-260397166 1
-259925260 2
-259739136 2
-259048590 2
-258651420 2
-258359674 2
-258325152 2
-258227756 2
-258101310 2
-258058386 2
-257431158 2
-257155126 2
-256399088 2
-256353742 2
-255598198 2
-254873968 2
-254563860 2
-254386596 2
-254128350 2
-254006406 2
-253758888 2
-253654548 2
-253135262 2
-252873418 2
-252760314 2
-252377874 2
-252234546 2
-251587860 2
-251082626 2
-250685794 2
-250534548 2
-250344914 2
-250104832 2
-250020034 2
-249760470 2
-249484798 2
-248875978 1
-248488232 1
-248306502 1
-247575314 1
-247477258 1
-247167558 1
-246788990 1
-246647386 1
-246295820 1
-246260574 2
-246060172 1
-246041430 1
-245706490 1
-244983440 1
-243472234 1
-243346028 1
-242763432 1
-242718332 1
-242202934 1
-241100032 1
-240845446 1
-240780444 2
-240702690 2
-240679560 2
-240361544 2
-240212440 2
-239977412 2
-239510428 2
-238962868 2
-238827618 2
-237343518 2
-236821010 2
-236699378 2
-236354582 2
-235914910 2
-235880608 2
-235655040 2
-235000742 2
-234839684 2
-234700934 2
-234279376 2
-234073518 2
-233753492 2
-232537530 2
-232400728 2
-231902510 2
-231367274 2
-231234416 2
-231058178 2
-230539942 2
-230363496 2
-228899026 2
-228766394 2
-227135318 2
-226910540 2
-226671872 2
-226195268 2
-225994760 2
-225751014 2
-225723568 2
-225266220 2
-224396968 2
-224160196 2
-224012660 2
-223923016 1
-223505540 1
-222392276 2
-222357490 2
-222293740 2
-221889222 2
-221884038 2
-221599080 2
-221258292 2
-221192912 1
-220973326 1
-220634450 1
-220526100 1
-220483462 2
-220318724 2
-218472540 2
-216597014 2
-216496574 1
-216062436 1
-216018954 1
-215802414 1
-215638936 1
-215608730 1
-215095508 1
-214938924 1
-214675322 2
-212306362 2
-211958940 2
-211932212 2
-211878248 2
-211548988 2
-211359876 2
-211341550 2
-211229850 2
-211134180 1
-210881844 1
-210787188 1
-210631826 1
-210187622 1
-208773032 1
-208358656 1
-207932186 1
-207661710 1
-207432106 1
-207430990 1
-207328080 1
-207285228 1
-206310554 1
-205829902 2
-205136086 1
-204658038 1
-204548542 1
-203450608 1
-203076346 1
-202573588 1
-202443102 1
-201850910 1
-201587076 1
-201318504 1
-201251486 1
-201162736 1
-200623616 1
-200101428 1
-199721104 1
-199623458 1
-199425182 1
-199087004 1
-198965340 1
-198707920 1
-198324570 1
-196587408 1
-196158234 1
-195742994 1
-195492070 1
-195249506 1
-195076168 1
-194795320 1
-193590392 1
-193576026 1
-193371378 1
-193366694 1
-193038660 1
-192528028 2
-192072306 2
-191735388 2
-191450856 2
-191149412 2
-190264026 2
-189587672 1
-188548600 1
-187538964 1
-187258808 2
-187168006 2
-186916102 2
-186637928 2
-186378344 2
-186087190 2
-185739998 2
-185389836 2
-184966484 2
-182626586 2
-181341820 2
-181290652 2
-181275394 2
-180920920 2
-180754606 2
-180524596 2
-180285900 2
-179936708 2
-179742458 2
-179497190 2
-179314818 2
-178779278 2
-178548108 1
-178381070 1
-177830956 1
-177592668 1
-177290776 1
-177151282 2
-177131416 2
-177109492 2
-177008608 2
-176829950 2
-176235084 2
-176224274 2
-176166052 2
-175843000 2
-175423490 2
-175050468 2
-175040568 2
-174810378 2
-174777716 2
-174716956 1
-174208960 1
-173419340 1
-173364830 1
-172897262 2
-171916818 2
-171863996 2
-171821756 2
-171671064 2
-170821074 2
-170588860 1
-169838254 1
-169780194 1
-169018474 1
-168911666 1
-168718652 1
-167814938 1
-167329666 2
-167305764 2
-167253298 2
-166174492 2
-165765316 2
-164887908 2
-163842214 2
-163313758 2
-162600368 2
-162477162 2
-162375868 1
-162111412 1
-162096390 1
-161969002 1
-161744198 2
-161488160 2
-160807176 2
-160566434 2
-160520712 2
-159870436 2
-158899904 2
-157798480 2
-156278708 2
-156045954 2
-156003090 2
-155337712 2
-155064522 2
-155005020 2
-154150822 1
-154121586 1
-153326390 1
-153278460 1
-153258718 2
-153206208 2
-152651946 2
-151968302 2
-151583610 2
-151175420 2
-150838314 2
-150282254 2
-150176776 2
-150164134 2
-149306168 2
-149273262 2
-149041972 2
-148819490 1
-147162984 1
-146414038 1
-146325880 1
-146234872 1
-146197468 1
-145394396 1
-145313578 1
-144978322 1
-144485120 1
-143892640 1
-143545850 1
-143414614 1
-143323936 1
-143309376 2
-142954384 2
-142687668 2
-142059366 2
-141874124 2
-141737808 1
-141422230 2
-140135488 1
-139964538 1
-139857246 1
-139803178 1
-139450512 1
-138651558 1
-137170318 1
-137041710 1
-136836340 1
-136763228 2
-136456556 2
-136301884 2
-136104568 2
-135604342 2
-135425248 2
-135279296 2
-135172994 2
-134563684 2
-134098372 2
-133923180 2
-133468710 2
-133250652 1
-132789258 1
-132457510 1
-132233166 1
-131733104 1
-130497824 1
-130192298 1
-129858196 1
-129491874 1
-129448396 1
-128787894 1
-128673540 1
-128338840 2
-128337110 2
-128180402 2
-127480796 2
-126810714 2
-124767444 2
-124749772 2
-124356798 2
-123889250 2
-123603826 2
-123281900 2
-122335454 2
-121752852 2
-121005246 2
-120974436 2
-120038486 2
-119734494 2
-119669852 2
-119660084 2
-119140132 2
-118932560 2
-118687580 2
-118366644 2
-117948250 2
-117900542 1
-117574632 1
-117099504 1
-116369978 1
-115398068 1
-114951462 1
-114678962 2
-114131714 2
-113643908 2
-113061934 1
-112939958 1
-112702152 1
-112617752 1
-112445844 1
-111693432 1
-111476146 1
-111333948 1
-111252472 1
-110860700 1
-109891084 1
-109872524 1
-109638780 1
-108269892 1
-107861588 1
-107507474 1
-106996856 1
-106968910 1
-106878946 1
-106665842 1
-106645866 1
-106271920 2
-106211690 2
-106163288 2
-105797004 2
-105677380 2
-105497018 2
-105346556 2
-105310936 2
-104914674 2
-104113864 2
-102994180 2
-101949894 2
-100779542 2
-100765062 2
-100048184 2
-99597600 2
-99568224 2
-99299434 2
-99278356 2
-98861842 2
-98849528 2
-98702606 2
-98426854 2
-97489538 2
-96976710 2
-96053026 2
-95246104 2
-94221422 2
-94004122 2
-93665730 2
-93570536 2
-93328096 2
-92842476 1
-92599270 1
-92484408 1
-92293516 1
-92239392 1
-91652158 1
-91267446 1
-90641414 1
-90455490 1
-90376660 1
-90291086 2
-90089756 2
-89329200 2
-89266574 2
-89144676 2
-88828850 2
-88708330 2
-88518312 2
-88345202 1
-87258236 1
-87107178 1
-86625660 1
-86343908 2
-86316822 2
-84758922 2
-84687916 2
-84616014 2
-84398372 2
-84323508 2
-84302762 2
-84220140 2
-84130426 2
-84002086 2
-83257308 2
-82969788 2
-82941072 2
-82065092 2
-81452254 2
-81383146 2
-81267224 2
-81187742 1
-81103724 1
-80021664 1
-79855322 1
-78919666 1
-78138198 1
-77406142 1
-76700000 1
-76200932 1
-76130800 1
-75872200 1
-75710496 1
-75459716 1
-75435938 1
-74632758 1
-74321946 1
-73870102 1
-73704410 1
-72991144 1
-72797232 1
-72791130 1
-72586022 1
-71429070 1
-70677342 2
-70572136 2
-70187166 2
-69796556 2
-68970716 2
-68539788 2
-67164528 2
-66944440 2
-66246920 2
-66172800 2
-66101874 2
-66069140 2
-65609622 2
-65194418 2
-64840808 2
-64226340 2
-63187784 2
-62913072 2
-62726858 2
-61849022 2
-61614728 2
-61455150 2
-60996616 2
-60897546 2
-60202418 1
-59712932 1
-59653672 1
-59518408 1
-59285220 1
-59038912 1
-58465674 1
-57726776 1
-57020370 1
-56606802 1
-56498334 1
-55962334 1
-55948536 1
-55726158 2
-55443502 2
-55191272 2
-55127192 2
-55126032 2
-54882912 2
-54720644 1
-54621412 1
-54240640 1
-54220398 1
-53694328 1
-53677036 1
-53618102 1
-53503032 1
-53289408 1
-52532184 1
-52455484 1
-52251674 1
-52054850 1
-51845926 1
-51749960 1
-50837838 1
-50703066 1
-50510906 1
-49885572 1
-49541640 1
-49341402 1
-49217988 1
-48012668 1
-46099142 1
-45929038 1
-45575624 2
-44426778 2
-43965718 2
-43276558 2
-42802942 2
-42580798 2
-42368890 2
-42285842 2
-41475048 2
-40686550 2
-40100322 2
-40093240 2
-39885012 2
-39730818 2
-39166626 2
-39088030 2
-38327104 2
-38289106 2
-36023618 2
-35755168 2
-35715622 2
-35681458 2
-34719722 2
-34607796 2
-34494148 1
-34438408 1
-34421940 1
-34308846 1
-34028818 1
-33706026 1
-33157130 1
-32920012 1
-32619702 2
-32503672 2
-32251880 2
-32113756 2
-31719090 2
-31457012 2
-31438804 2
-30852638 1
-30775288 1
-30365854 1
-30286136 1
-30151722 1
-29605684 1
-29282640 2
-28363958 2
-28352778 2
-27742100 2
-27376706 2
-27125938 2
-26910472 2
-26305396 2
-25601254 2
-25334594 1
-25009244 1
-24399302 1
-24207126 1
-24117230 1
-24095962 1
-23917240 2
-23772562 2
-23642696 1
-23153270 1
-21541124 1
-21378502 1
-20786338 1
-19396254 1
-19224262 1
-18650060 1
-18648982 1
-18592532 1
-18537132 1
-18466330 1
-18243858 1
-17374464 1
-16859098 1
-16353218 1
-15952208 1
-15822314 1
-14249222 1
-13928176 1
-13512928 1
-13489616 1
-12146228 1
-11987114 2
-11746356 2
-10872238 1
-10702566 1
-10392876 1
-10372796 1
-10345938 1
-10157048 1
-9898350 1
-9694338 1
-9525156 1
-8911890 1
-8910952 1
-8624030 1
-8431562 1
-7806626 1
-7734172 1
-7089958 1
-6950454 1
-6779488 1
-6257918 1
-6013620 1
-5245302 1
-4776922 1
-3564110 1
-3344394 1
-2751754 1
-2429532 2
-2145962 2
-1136952 2
-1128986 2
-582256 2
-251332 2
-48332 2
1010294 2
1433914 2
1732648 2
1819086 2
2458192 2
2846426 2
2904378 2
2985410 2
3338610 2
3658924 2
4318694 2
4588780 2
4802968 2
4913022 2
5034724 2
5590096 2
6744080 2
6913428 2
8093216 2
8497840 2
8999444 2
9063642 2
9506260 2
9520200 2
9723052 2
10055052 1
12308960 1
12447160 1
12674160 1
13319844 1
13932874 1
14878708 1
15836610 1
16291180 1
16839974 1
16971110 1
17710362 1
17930844 1
18007508 1
18180656 1
18245982 1
18380886 1
19351854 1
19376198 1
20252392 1
20462704 1
20618280 1
21490884 1
21679514 1
22615530 1
22708190 1
22746062 1
23535552 1
23636266 1
24270748 2
24731448 2
25331832 2
25405440 2
25833078 2
26827510 2
26906354 2
27153360 2
27595292 2
27701062 2
28132242 2
28490348 2
28549448 1
28870050 1
28873762 1
29592972 1
30001776 1
30187476 1
31013524 1
31089310 1
31511778 1
32147396 1
32199436 1
32267590 1
33162598 1
33246052 1
33282654 1
33551118 2
35173902 2
35217184 2
35371428 2
35388438 2
35593014 2
35688652 1
35871506 2
36676436 2
37493816 2
37547694 2
37564498 2
37571050 2
37701536 2
37883118 1
37922900 1
37942080 1
37982160 1
38022022 1
38616866 1
40036078 1
40617432 1
40824266 1
41185660 1
41493574 1
41786004 1
42279598 1
42363218 1
42932562 2
43154728 2
43219342 2
44077218 2
44671788 2
44873844 2
44994388 2
46343614 2
47054466 2
47495418 2
48101106 2
48212430 1
49286632 1
50247134 1
50307006 1
50425754 2
50516830 2
50650734 2
50882870 2
51014594 2
51459348 2
52065590 2
52115704 2
52194276 2
52243980 2
52574672 2
52601596 2
52670362 2
54234724 2
55620016 2
56025206 1
56436806 1
57293290 1
57860446 1
58325884 1
58668618 1
59153042 1
59932416 1
60174118 1
60258816 1
60365324 1
60486254 1
60538918 1
60737432 2
60966480 2
61724040 2
62521672 2
62627484 1
62995792 1
63586344 2
63738324 2
64152848 2
64309830 2
64335252 2
64364926 2
64986472 1
65028404 1
65591800 1
65742866 1
66542378 1
66773532 1
67469084 1
67776926 2
69939538 2
70359168 2
70570788 1
72036218 1
72199860 1
72723092 1
73430784 1
73495704 1
73909578 1
74104078 1
75169496 1
75346642 1
76222940 1
76363104 1
76591862 1
76681870 1
76883538 1
77509948 1
77760026 1
78613728 1
78645382 1
79107276 1
79560234 1
79580748 1
79792278 1
80012874 1
80357952 1
81212002 1
81610744 2
81717336 2
81748058 2
82826684 2
83432840 2
83990224 1
84353178 1
84500264 1
85044214 1
85204018 1
85336882 1
86397202 1
86805792 1
87135768 1
87426512 1
88148462 1
88173448 1
88282610 2
88874660 2
88919084 2
89581326 2
89839090 2
89847410 2
90757974 2
90769046 1
90874962 1
91168682 1
91192406 1
91515118 1
92614146 1
93069442 1
93520158 1
93640380 1
93717590 1
93815480 1
93869504 1
93889456 1
94259690 1
94658530 1
95031914 1
95083668 1
95145894 1
95447886 1
95871272 1
95926136 1
95962506 1
96730906 1
96897196 1
96969002 1
97006436 1
97175010 1
97509546 1
97731758 1
97972922 1
98046336 1
98371936 1
98586966 1
98802978 1
100473160 1
100705580 1
100802794 1
101247726 1
101561248 1
101605746 1
101633684 1
101636180 1
102287374 1
102913892 2
102977288 2
103138810 2
103150474 2
103263668 2
103365342 2
103759350 2
103859716 2
103900752 2
104617102 2
105091074 2
105370310 2
105885914 2
106379504 2
106516188 2
107701558 2
107740008 1
108803678 1
108832840 1
109321080 1
109563372 1
110678954 1
110834194 1
110854650 1
111157752 1
111528718 1
111819006 1
111938702 2
112080144 2
112791074 2
113074794 2
113359874 2
113479218 2
113568966 2
113707150 2
114243544 1
115319054 1
115677052 1
116177256 1
116726064 1
116826670 1
117184768 1
117485286 1
118088610 1
118193336 1
118567142 1
118876472 1
119209930 1
119626830 1
119840500 1
120198312 1
120341826 1
122495460 1
123059130 1
123079166 1
123467238 1
123491382 1
124135664 1
124557462 1
124797138 1
124801554 1
125309312 1
125416364 1
126173860 1
126408208 1
126497304 1
127338616 1
128090710 1
128377672 1
128421554 1
128640384 2
128829642 2
130162402 1
130412740 1
130980758 1
131175668 1
131207194 1
131650548 1
131688022 1
131974014 2
132258120 2
132954168 2
133254712 2
133520258 2
133532624 2
133968504 2
135516650 2
135935074 2
135954282 2
137093846 2
137301678 2
138817042 2
138897986 2
139497324 2
140406782 2
140845244 2
140999442 1
141038602 1
141192776 1
141375876 1
141675148 1
141716494 1
141793474 1
143176740 1
143362234 1
143446916 1
143943768 1
144732120 1
144760322 1
145403586 1
145472408 1
145909236 1
145987938 1
146778226 1
147402650 1
148208844 2
151054330 2
151106212 2
151495932 2
152272826 2
152464328 2
153289548 2
153843260 2
154048134 2
154648964 2
155026286 2
155880516 2
156661902 2
156729842 2
156940358 2
158225792 2
158230288 2
158251892 2
158323670 2
158497664 2
158799058 2
158910742 2
159150676 2
159586384 2
159692540 1
159957214 1
160492368 1
160858778 1
160880520 1
161175628 1
162628790 1
163879812 1
163936378 1
165391780 1
166128584 1
166352308 1
166456954 2
166678060 2
166836846 2
167274688 2
167372016 1
167907136 1
167958824 1
168515720 1
168754846 1
168974400 1
169069148 1
169453534 1
170936366 1
170961774 1
171033980 1
171034488 2
171469380 2
171686868 2
171727874 2
173034092 1
173477570 1
173491594 1
174014178 1
174359360 1
174408824 1
175530046 1
176251276 1
176275748 2
176684658 2
177305538 2
177539396 2
177623578 1
178876716 1
179564750 1
180229358 1
180373762 1
180398014 1
180556776 1
181512704 1
181829848 1
182645390 1
182951990 1
183058580 1
183325102 1
183726550 1
184021926 1
184379760 1
184704394 1
185049522 1
185773692 1
186050242 1
186954134 1
187051450 1
187652274 2
187715566 2
187761626 2
188614726 2
189033328 2
189245428 2
190074704 2
190215664 2
190740280 2
190766460 2
191039222 2
191475438 2
191885696 2
192069120 2
192090510 2
192390558 2
192507946 2
193653248 2
193979034 2
195123740 1
196020318 1
197011860 1
197293256 1
197466440 1
197530864 2
198072770 2
198337390 2
198510752 2
198563108 2
199212490 2
199510294 2
200359862 2
200769736 1
201289974 1
201459760 1
202362836 1
202955324 1
203137260 1
203373648 1
203574762 1
203943736 1
203959358 1
204601884 1
204830350 1
204860384 1
204898850 1
204980452 1
205012368 1
205284414 2
205387642 2
205394772 2
205440126 2
206622328 2
206720140 2
207743292 2
207996004 2
208633586 2
208645342 2
209454876 2
209599088 2
209856406 2
210476642 2
210901022 2
211140410 2
211357642 2
211423778 2
211571936 2
212005268 2
212081688 2
212153972 2
212255238 2
212291954 2
212732988 2
212738542 2
213738958 1
215603350 1
215839028 1
215882410 2
216539826 2
217321992 2
217443868 2
217967128 2
218012988 2
218373702 2
218455280 2
219341474 2
219363798 2
219816580 2
219926878 2
220904500 2
221284154 2
222251300 2
222760832 2
224323658 2
224792012 2
224840858 1
225498796 1
226023500 1
226369874 1
226432324 2
226573218 2
227322478 2
227551132 2
228092964 2
228102672 2
228183946 2
228321952 2
229125254 2
230541610 2
231557850 2
231868370 2
231873026 2
231999200 2
232325356 2
232379796 1
232723846 1
233799494 1
233814000 1
233998982 2
234083084 2
234146532 2
234763038 2
235301796 2
235856968 2
237936478 2
237984616 2
238971016 2
239396906 1
239653134 1
239952878 1
239997570 1
240840580 1
241205856 1
241591630 1
242074876 1
242223926 1
243057522 1
243486588 1
243835540 1
245212680 1
245391528 1
246474626 2
247996008 2
248024118 2
248254798 2
248620500 2
248769928 2
248841922 2
248909750 2
248932762 2
248948674 2
249108058 2
249153604 2
249386886 2
249542872 2
249963120 2
250075372 2
250093254 2
250508900 2
250621698 1
251284612 1
251562748 1
252106324 1
252727526 1
252904354 1
253242760 1
253484892 1
254073278 1
254203730 1
254214624 1
254330178 1
256278882 1
256484428 1
256914276 1
257567646 1
258363260 1
258482738 1
258619606 1
258622404 1
259020904 2
259664060 1
259671980 1
259961726 1
260132472 1
261374034 1
261573210 1
261929230 1
262115912 1
262639190 1
262732480 1
263264046 1
263546702 1
264120776 1
264927126 1
265062232 2
265154370 2
266308312 2
266509582 2
266746822 2
266850170 2
266874932 1
266882880 1
267678182 1
268296090 1
268359532 1
269486156 2
269813704 2
270597230 1
270606344 1
271280608 1
271572648 1
271662326 1
271792304 1
272030122 1
272251056 1
272651132 1
272850448 1
272950168 1
273727412 1
274239654 1
274412724 1
274416290 2
274565642 2
275105896 2
276265824 2
277494184 2
278308458 2
279052942 2
279225052 2
279303078 2
280742542 2
280809934 2
281083810 2
281091874 2
281375344 2
282039870 2
282294196 2
282477992 2
282862998 2
283549474 2
284310446 1
284619754 1
285094308 1
285277802 1
285801778 2
285828968 2
286478600 2
286910506 2
287259658 2
287406988 2
287615856 2
287666760 2
287826378 2
288061006 2
288476974 2
288500956 2
289171028 1
289309054 1
289310096 2
289660454 2
289927696 2
292278818 1
292352046 1
292851180 1
293674528 1
293696078 1
293788744 1
294176654 1
294516502 1
294675556 2
295060794 2
296807438 2
298546436 2
298560090 2
298595226 2
298964736 1
299513326 1
299998238 1
300871336 1
300898058 1
301251126 1
301271650 1
301680956 1
301751848 1
301889494 1
302794800 2
303050500 2
303782116 2
303847464 2
303983992 2
304074212 2
304097886 2
304410922 2
304465570 2
304654792 2
305699656 1
305753376 1
305807948 1
305855892 1
306380432 1
306510046 1
306581628 1
307393728 1
308045720 1
308060700 1
308580346 1
308947408 1
309052522 1
309184346 1
309415666 1
310429372 1
310898006 1
310937920 1
311263200 1
311587550 1
311649062 1
312114630 1
312636322 1
312687056 1
312780752 1
313459732 2
313881028 2
314646884 2
314835148 1
315953632 1
316339828 1
316508090 1
317535824 1
318134386 1
318464468 1
318556716 1
318624860 1
319266588 2
319361218 2
319474576 2
319567868 2
319621862 2
319807856 2
320746828 2
321091058 2
321217050 2
321876826 2
321957370 2
322522544 1
322541582 1
322890670 2
323012670 2
323159090 1
323464818 1
323467780 1
323652810 2
323772872 2
323897128 2
324026362 2
324254360 2
324961710 2
325966718 2
326162156 2
327171754 2
328304184 2
328733160 2
328847344 2
328877024 2
329193510 2
329304130 2
330131304 2
331352506 2
331795242 2
332379500 2
332487838 2
332755706 2
333459306 2
333789380 2
334306266 2
334417946 2
334758004 2
334868754 2
335083330 2
335142942 2
335441436 1
335446432 1
335480464 1
335969008 1
336232390 1
336258148 1
337068508 1
337234810 1
337294366 1
337381294 1
337466924 1
337707726 1
337908344 1
338873062 1
339125714 1
340218228 1
340658040 1
341331418 1
342164338 1
342458040 1
342579520 1
344078772 1
344279326 1
344352682 1
344538032 1
344837754 1
345004314 1
345228528 1
345506034 1
346435590 1
346489956 1
347017616 1
347318236 1
347524806 1
347879188 1
348137808 1
348138582 1
348515502 1
349834178 1
349909950 1
350039698 1
350544056 2
351083896 2
351322316 2
351394094 2
351396300 2
352429202 2
352488452 2
352846534 2
352923890 2
353294158 2
353366106 2
353380884 2
354209096 1
354553992 1
354933924 1
355400734 1
355639038 2
355667998 2
356143536 2
356334036 1
356993614 1
357034864 1
357059540 1
357610120 1
358139910 1
358453082 1
358574746 1
358689250 1
359843728 1
360631438 1
360657840 1
361356592 1
361367098 2
361461556 2
362961686 2
363392154 2
364040798 2
364071666 2
364659856 2
364683740 2
365019956 2
365320518 2
365603426 2
365652324 2
365652624 2
365662170 2
366200884 2
366499530 2
366567276 1
366626366 1
366702674 2
366966648 2
368666690 2
369076046 2
369616988 2
370268690 2
370288164 2
371153900 2
371229540 2
371675922 2
371808112 1
371890034 1
372582340 1
372778180 1
373118190 1
373141078 2
373423874 2
373670268 2
373914080 2
373946940 2
374220042 2
374276074 2
374808920 2
375010688 2
375294676 2
376140262 2
376217622 2
376609160 2
376752272 2
376808292 2
376845038 2
377219436 2
378117376 1
378897700 1
379164660 1
379410352 1
379653124 1
379744660 1
380051092 1
380646508 1
381025516 1
381399378 1
381885676 1
383592252 1
383645594 1
383961330 1
384441954 2
384574264 2
384579184 2
386595880 2
386602904 2
386981026 2
387001446 2
387118362 1
387591990 1
387706534 1
387749752 1
388066892 1
388267964 1
388546060 2
388579276 2
388802346 2
388949500 2
389937554 2
389943850 2
390055394 2
390156702 2
390185404 2
392151996 2
393553048 2
393630750 2
394064066 2
394355556 2
394619272 2
395426440 1
395807986 1
396114574 1
396176912 1
396311552 2
396347156 2
397130614 1
397231682 1
397293082 1
397580652 1
397596456 1
398520784 1
399070234 1
399606102 1
400334404 1
401447818 1
402025168 1
402448240 1
402593076 1
402836966 1
403080256 1
403730260 1
404065698 1
404940540 1
405487284 1
405632622 1
406040194 1
406615352 1
406676924 1
406997090 1
407093806 1
407522618 1
407588550 1
407797758 2
407849406 2
407890082 2
408136906 1
408791706 1
409097260 1
410339830 1
410563746 1
411082884 2
411556156 2
411586232 2
412627934 1
412657152 1
414419716 1
415404522 1
416815064 1
417319790 1
417356882 1
417546054 1
417688752 1
417805730 1
418872018 1
419125444 1
419825538 1
420002596 1
420753100 1
421779690 1
421789388 1
423130060 1
423340198 1
423603528 1
423680338 1
423695786 1
423750220 1
424412012 1
424648806 1
424844616 1
424935336 1
427333008 1
428631462 1
428909008 1
429040528 1
429085406 1
429383144 1
430077596 1
430165128 1
431390466 1
431639992 1
432137790 1
432295752 1
432349402 1
433765312 1
434066382 1
434735670 1
435884524 1
435964540 1
436029800 1
436435698 1
437004152 2
437348190 2
437394596 2
437728786 2
438427890 2
438791222 1
439179038 2
439246042 2
440662938 2
440678942 2
440742308 2
440831910 2
441526738 2
442034476 2
442207378 2
442442958 2
442464634 2
442517130 1
443344460 1
443469786 1
443944240 1
445147330 1
445301078 1
446981414 1
447576952 1
447795812 2
448290936 2
448743854 1
449264040 1
449871168 2
450151658 2
450396184 2
450428908 2
450569128 2
451030626 2
451178272 2
451221306 2
451675450 2
452878584 2
453512284 2
456160116 2
456188438 1
456626286 1
456803188 1
457537358 1
457539192 1
457665524 1
457677674 1
458628640 1
458652092 1
459422904 2
459558938 2
459753678 2
459895110 2
460675152 2
460971410 2
461529374 2
462008288 2
462680910 2
463104264 2
463824566 2
464001290 2
464175706 2
464281798 2
464533696 2
465152482 2
465350716 2
465407776 2
465621016 2
465883410 2
467173232 2
467488280 2
467694808 2
468226636 2
469103554 2
469665528 2
469714130 1
470237964 2
470551632 2
470914156 2
471127600 2
471323670 2
471378294 1
471441486 1
471463598 1
471890262 1
472625886 2
473121734 2
473201494 2
473740428 2
474970552 2
475410074 2
475854248 2
476243178 2
476560378 2
476901656 1
477713344 1
478254930 1
478407572 1
478431242 1
478438448 1
478903648 2
479365444 2
479471384 2
479605040 2
479894352 2
479996458 2
480450912 2
480895060 2
481131082 2
481306172 2
481332130 1
481451292 1
482390708 1
482857600 1
483231950 2
484128698 2
484772320 2
484860820 2
485078408 2
485604636 2
485853488 2
485939426 2
486698246 2
487343658 2
488500356 2
489077788 2
490450374 1
490581874 1
490589326 1
490705054 1
491050606 2
492033906 2
492146798 2
492787822 2
493490608 2
493737148 2
494522414 2
494859530 2
495499788 2
495634840 2
496993686 2
496995400 1
497250336 1
498029024 1
498082350 1
498923362 1
498959190 1
500278636 1
500308440 1
500467890 1
501417358 2
501965634 2
502753664 2
503026710 2
503583146 2
503983984 2
504347384 2
504381758 2
504411204 2
504451126 2
504640178 2
504693386 1
504835362 1
505653306 1
505926384 1
506026286 1
506462524 1
506576724 1
507048506 1
507371122 1
507920142 1
508016496 1
508471910 1
508687678 1
509338866 1
509376938 1
510453272 2
511342280 2
511527000 2
511589354 2
512118290 2
512635186 2
513207326 2
513231756 2
513824422 2
513847994 2
513990272 2
514129106 2
514952820 2
515125972 1
515546788 1
516082316 1
516170548 1
516866980 2
517201256 2
517212140 2
517913822 2
518248022 2
518422458 2
518724034 2
518765120 2
518955604 2
520411742 2
520556492 2
520765044 2
520876906 2
520895476 2
521168362 2
521387438 2
521566492 2
521665006 2
521780608 2
522257902 1
522586968 1
522789732 1
522991006 1
523240670 2
523337504 2
523588398 2
523813364 2
525208658 2
525241902 2
525903460 2
525962516 2
526397964 2
526811240 2
527337832 2
527522866 2
527531876 2
527974726 2
528315846 2
528351708 2
528352018 1
528570332 1
528577308 2
528594882 2
528985544 2
529159212 2
529694304 2
530192066 2
530475946 2
531138586 2
531543886 2
531721596 2
531913802 2
532384318 2
532683564 2
532814312 2
532991860 1
533316408 1
533449870 2
534160014 2
534479084 2
535250628 2
536511412 2
536928102 1
537361962 1
537516034 1
537584840 1
537851698 1
537877486 2
537910870 2
537925368 2
538284076 2
539515634 1
539695392 1
540112602 2
540144632 2
540309854 2
540457120 2
540765498 2
541228446 2
541575442 2
542342002 2
542476940 2
542540534 2
543785416 2
544550370 2
544789748 2
544939880 2
545031316 2
545681258 2
545899944 2
546059638 2
546286912 2
546648662 2
547002996 2
547643248 2
548158670 2
548189246 2
548912874 2
549175536 1
549730808 1
549766910 1
549915596 1
549976198 2
550477134 2
552356492 2
552881788 2
553639990 2
553947690 2
555297570 2
555350798 2
555483424 2
555945822 2
556249844 2
556545840 2
556754060 2
557778394 2
557820094 2
558511696 2
558603314 2
558842216 2
559017358 1
559345062 2
559455488 2
559985896 2
560902832 2
561062658 2
562943508 2
563616630 2
564183256 2
564210846 2
564486270 2
564632918 2
565019182 2
565299344 2
565373478 2
565651242 2
566577146 2
567118556 2
567760212 2
568696968 1
568890440 1
569198340 1
569501966 1
570147890 1
570386156 1
570387804 1
570527572 1
571216696 1
571313508 1
572621818 1
573135020 1
573525650 1
573842692 1
574004582 1
574482740 1
575222408 1
575339532 1
575509430 1
575611832 1
576348132 1
576736164 1
576868342 1
577138942 1
577474186 1
579103584 1
579190466 1
579239370 1
580836188 1
581162816 1
581406220 1
582136876 1
582521882 1
582555720 1
582806684 2
582962874 2
583576104 2
583662114 1
583814050 1
584207396 1
584846696 1
585051064 1
585778920 1
587349048 1
588751918 1
589360732 1
590258534 1
590972348 2
591407154 2
591838808 2
592622342 2
593575808 2
593793022 2
594274220 2
594806490 2
595492642 2
595693818 2
596006606 2
596058616 2
596557490 1
598094116 1
598314246 2
598556144 2
599482428 2
599694794 1
600010568 1
600105340 1
601127082 1
601542792 1
601838554 1
602318292 1
602673884 1
603396350 1
604284872 1
605166656 1
605242260 1
605439182 1
605682526 1
605963214 1
606893308 1
606912292 1
607501904 1
608145196 1
608798336 2
609156546 1
610145958 1
610294930 1
611071156 1
611196950 1
611362940 1
611407018 1
611558512 1
611754432 2
611799768 2
612310820 2
613323672 2
613423816 1
613982876 1
615013198 1
615021666 1
615324158 1
616190738 1
616499430 1
616918422 1
617082962 1
617313534 2
618057024 1
618258358 1
618737930 1
619077256 1
619509664 2
619859626 2
619927464 2
619984354 2
620170144 2
621190488 2
621341212 2
621363300 2
621561964 2
622031980 2
622366286 2
623175468 2
623546720 2
623811938 2
624660152 2
625152674 2
625937282 2
626940992 2
627223604 2
630737716 1
631832750 1
632294618 1
633090660 1
633577952 2
633918934 2
635259858 2
635688698 2
636362052 2
636368982 2
636670452 2
636676104 2
637106804 2
637363374 1
637657290 1
637662774 1
637803314 1
638973046 1
639773046 1
639841932 1
640431218 1
641093056 1
641602710 1
642326190 1
642390664 1
642522414 1
642994448 1
642998116 1
643398592 2
643441508 2
643443740 2
644034372 2
644374992 2
645851260 2
646313296 2
646345508 2
647171348 2
647183620 2
647335492 2
648124552 2
648932994 2
649058428 2
649600276 2
649661426 2
649687070 2
651001686 2
651650650 2
651900024 1
652500090 1
652675600 1
653047228 1
653308116 1
653447642 1
653478792 1
653738288 1
653879328 1
653958660 1
654469220 1
654484732 1
655238138 1
655322530 2
655533578 2
655633148 2
655894324 2
656813896 2
657368018 2
657574130 2
657623850 1
659056196 1
659183632 1
660133298 1
660150214 1
660220918 1
661140614 1
662697530 1
662728710 1
663092400 1
663149382 1
663698952 2
663810154 2
663929154 2
663974296 1
664115758 1
664469342 1
665483992 1
665863006 1
665934104 1
666191946 1
667098122 1
667357306 1
667732504 1
668449924 1
669551090 1
669890824 1
670966288 1
671160834 1
671766154 1
672344390 1
672470854 1
673360590 1
674581874 1
674589656 1
675166914 1
675621586 1
675997982 1
676716586 1
677663652 1
677913518 2
678200056 2
678271284 2
678460078 2
679725728 2
679802286 2
679959600 2
680455590 2
680624786 2
680988132 2
681010436 2
681313270 2
681685494 2
682133496 2
682138220 2
682716054 2
683246310 2
683359938 2
683621500 1
683621556 1
684187594 2
684527236 2
684529030 2
684746864 2
685640360 2
686043464 2
687540042 2
687602820 2
687724218 2
687955242 2
688842274 2
689325834 2
689426104 2
689477192 2
690668232 1
690888004 1
690904480 1
691616838 1
692182542 2
692395814 1
693169772 1
693899190 1
695211046 1
696590548 1
697019608 1
697046746 1
697320506 1
698310004 1
700359260 1
701638248 1
702061782 1
702799870 1
703463308 1
703967148 1
703982094 2
704451384 1
704481870 1
704737648 1
705171526 1
706633726 1
706917708 1
707056058 1
707075882 1
707769302 2
708276504 2
708317582 2
708622822 2
708790194 2
708840988 2
708843792 2
709073350 2
709178070 2
710739256 2
711211878 2
711548366 2
712511036 2
713016446 2
713117740 2
713474546 2
713510828 2
713941270 2
714035644 2
714814436 2
714900514 1
715261854 1
717111284 1
717230636 1
717238524 1
718082998 1
718315448 1
718957534 1
719547764 1
720535014 1
720823596 1
721601608 1
723490084 1
723678246 1
724767520 1
725150816 2
725342268 1
725390536 1
725666956 1
726349680 1
726716102 1
726716488 1
726788474 1
726791174 1
727395818 1
727824612 1
727934438 1
727950432 1
728348848 1
728952068 1
729019290 1
729586402 1
729600460 1
729723812 1
730086596 1
731002106 1
731403648 1
732227572 2
732288990 2
732451886 1
732869930 1
733105112 1
734441474 1
735039896 2
736409520 2
736828926 2
737252296 2
738283608 2
739147908 2
739194780 2
739369492 2
739958860 1
740076512 1
740691702 1
740712862 1
740802276 1
740830234 1
741065394 1
741723498 1
741867342 1
741985332 1
742382750 1
742791190 1
742798868 1
742973740 1
743333944 1
743792910 1
744123680 1
744244532 1
744391306 1
744794058 1
745261358 1
745422160 1
746003444 1
746629814 1
747073962 1
747102806 1
748501938 1
748580298 1
748905820 1
749032558 2
749336918 2
749576300 2
749613560 2
749896074 2
750083200 2
750162784 1
750996516 1
752600686 1
752633998 1
752888346 2
753143820 1
753292608 1
753581768 1
753732426 1
753996306 1
754252132 1
754796642 1
754982094 1
755073304 1
755728872 2
756281828 2
756389706 2
756449570 2
757439118 2
758789612 2
759212798 2
760154632 2
760290680 2
760346758 2
761131432 2
762918874 2
763396246 2
763901264 2
764027816 2
764135970 2
764204720 2
764456382 2
764485424 2
764489652 2
765063180 2
765436208 2
765823392 2
765824708 1
765944784 1
766234944 1
766857512 1
767153122 1
767259600 1
767303592 1
767610002 1
767638878 1
767954978 1
769276834 1
769450408 2
770079650 2
770858346 2
770990582 2
771124236 2
771922478 2
771963398 1
772084994 1
774101238 1
774432278 1
774764074 1
775024542 1
775188984 1
775212004 1
775634234 2
775664582 2
776094934 1
776219034 1
776492326 1
776799022 1
777590314 1
777840770 1
778704988 1
778714338 1
779492300 1
779554160 1
779854368 1
780201426 1
780459114 1
780928156 1
781009712 1
781155412 1
781893174 1
783185226 1
783262040 1
783272698 1
783406920 2
783740010 2
783857712 2
784367008 2
785149788 1
785928824 1
786619476 1
786766890 1
786946514 1
787182682 1
787361738 1
787678054 1
788924190 1
789168766 1
789642564 1
790085316 1
790727218 1
791623104 1
791633888 1
791951790 2
792025534 2
792173766 2
792532658 2
792535488 2
792932504 1
793325790 1
793794790 1
794460920 1
794570972 1
794784604 2
795040542 2
795360874 2
795776104 2
795933852 2
796271318 2
796383678 2
797111816 2
797202858 2
797379948 1
797614596 2
797763598 2
798605996 2
798962784 2
798967656 2
799260970 2
799875574 2
800032938 2
800422242 2
800538668 2
800740110 2
800844288 2
801064726 1
801346000 1
801572442 2
802401436 2
802498094 2
803123434 2
803438938 1
804078374 1
804132484 1
804172724 1
804963406 1
805020538 1
805407182 1
805497862 1
805672940 1
805749008 1
808242156 2
808358698 2
808422684 2
809245180 2
810317158 2
810501284 1
811217696 1
812517526 1
812726006 1
813180482 1
813824156 1
813843222 2
814014078 2
814209808 2
814785690 2
815013360 2
815040288 2
815518834 2
815953208 2
816011290 2
816889716 2
817154062 2
817213498 2
817803876 2
817870812 1
817972646 1
818223822 1
818261648 1
818936478 1
819015830 1
819313988 1
819356658 1
819781956 1
820265004 1
820758292 1
820777020 1
820948194 1
822296610 1
822521332 1
822662016 1
823391196 1
824096950 1
824176924 1
824561970 1
824806226 1
825246014 1
826163662 1
828647452 1
829012024 1
829481818 1
829842868 2
830003890 2
831844218 2
831855564 2
832249858 2
832264594 2
832294974 2
832449068 2
832682514 2
832709062 2
832975822 2
833104644 2
833330848 2
833807384 1
834255180 1
835264122 2
835900156 1
836472848 1
836889714 1
837149342 1
838020116 1
838566048 1
839027778 1
839156534 1
839921178 1
840553804 1
840740566 1
842290398 2
842644040 2
842835888 2
843398044 1
843882572 1
843940364 1
844054010 2
844326334 2
845743072 1
845920554 1
846204918 1
846641398 1
847445438 1
847458216 1
847629442 1
847905334 1
848600308 1
848813394 1
848966956 1
849080452 1
849935152 1
850065638 1
850892754 1
851114928 1
851569994 1
852172818 1
852560422 1
852722562 1
852733020 2
853446050 2
853581510 1
853929778 1
854195744 1
854219656 1
854339936 1
854417182 1
854455358 1
854550800 1
854753812 1
854830328 1
855024656 1
855050294 1
855216738 1
855495748 1
857373974 1
857396756 1
857731056 1
857747472 1
858385638 1
858755220 1
859422124 1
859746606 2
859795466 2
859918846 2
860629804 2
861938454 2
862010830 2
862109868 2
862292528 2
862630036 1
862793126 1
862881470 1
863561786 2
863650174 2
865054902 2
865307222 2
865678084 2
865777468 1
866128386 1
866343822 2
866561558 2
867163970 2
867564558 2
867735254 1
867919648 2
868309394 2
868462108 2
868484502 2
868795666 2
869012648 1
869400864 1
869616648 1
869972580 1
870061910 2
870220674 2
870226036 2
870343146 2
870508676 1
871245672 1
871605530 1
871697806 1
871904556 1
871977966 1
872463868 1
873028050 1
873936162 1
874308916 1
874517622 1
874531534 1
874792532 1
874891196 1
875124942 1
875587156 1
877507782 1
877803586 2
878422506 2
879498384 2
879632732 2
880206346 2
880364020 2
880583908 2
880642542 2
881016804 2
881342660 2
881611518 2
881661258 2
882439826 2
882507734 2
882614030 2
883245634 2
884421546 2
884782730 2
884913382 2
884978678 2
885028844 2
885194278 2
885754774 2
885903192 2
885969108 2
886742928 2
886744218 2
886980898 2
887564568 2
887751026 2
887823218 2
888397518 2
888539096 2
888754060 2
888831602 1
889116696 1
889380804 1
889778988 1
889804244 1
890112926 1
890596866 1
890875380 2
892293632 2
892441258 2
893112532 2
893133302 2
893602300 2
893625250 2
893819602 2
893889784 2
894650454 2
894656930 2
894933284 2
894961174 2
895554104 2
895589690 2
895639546 2
896561138 2
896730340 2
897536418 2
898074744 2
898358176 1
899222238 1
899373130 1
899577848 1
900015248 1
900288238 1
900533410 2
900665330 2
900827398 2
901875196 1
901875648 1
902815976 1
903019182 1
903136094 1
904139984 1
905479330 1
906445222 2
906925684 2
907186090 2
907493956 2
907958848 2
908081438 2
908550672 2
908870788 2
909181280 1
909710918 1
910210890 1
911006050 1
911085196 1
911719600 1
912148284 1
912277972 1
912840378 1
913549518 1
913657584 1
914577864 1
914815434 1
915093008 1
915542006 1
915803584 1
917226520 1
917298860 1
917654940 1
918063326 1
919433094 1
919728304 1
920165636 1
920406264 1
920782352 1
920932326 1
921300928 1
921942380 1
922055512 1
922617680 1
922805706 1
922909360 1
923211156 2
923337380 2
924727872 2
926061576 2
926462426 2
926666350 2
927114796 2
927190202 2
927425544 2
927434334 2
927437910 2
927510860 2
928804088 2
929516114 2
930386464 2
930691976 2
930778710 2
930939798 2
931454112 2
932081708 2
932127998 2
932187114 2
932545124 2
933140882 1
933716838 1
934045658 1
934464164 1
934617660 1
934648738 1
934711202 1
934969494 1
935259696 1
936783214 1
936852142 1
937068136 1
937254744 1
937443416 2
937481934 2
937822086 2
938273634 2
938452594 2
938621122 2
939786800 2
940693188 2
940763388 1
942238348 1
942762762 2
943412562 2
943703174 2
944219234 2
944512778 2
944539230 2
945256176 2
945918064 2
945944118 2
946443172 2
946595546 2
947707290 2
948023740 2
948139878 2
948305722 2
948424776 2
948718498 2
948827010 1
949423244 1
950054928 1
950943744 1
950981700 1
952107296 1
952276094 2
952540570 2
952722638 2
954070814 2
954687690 2
954812214 1
955140290 1
955147604 1
955199974 1
955298832 1
955542602 1
956777344 1
957520972 1
958441078 1
958651442 1
959579966 1
960425300 1
960629908 1
960817300 1
961023016 1
961789330 1
962194950 1
962370296 1
962507412 1
963189882 1
963366754 1
963592954 1
963822550 1
963961446 1
964161816 2
964638086 1
965107392 1
965215236 1
965225550 1
965570646 2
965786160 2
966144894 2
966461248 2
966632704 2
966745176 2
966769594 1
967645016 1
968073540 1
968096772 1
968133700 1
968347076 1
968913026 1
969370806 1
969567174 2
969674130 2
969828458 2
969844596 2
971751252 2
971870796 2
972549292 2
974195232 2
974627166 2
974856510 2
974898146 2
975420768 2
975527018 2
976288568 2
977221812 2
977464698 2
977557030 2
977881740 2
978364914 2
979104496 2
979748552 2
979925126 2
979971776 2
980213010 2
980919634 2
981214916 2
981291660 2
981507002 2
982092136 2
982318440 2
982721290 2
982800012 2
982986724 2
983334834 2
983718108 2
983973000 2
984525588 2
984578372 2
984583178 2
984590828 2
985300962 2
985714918 2
986160598 2
986422178 2
986553082 2
986640074 2
987308140 2
987850498 2
988872964 2
989702376 2
991115650 2
991332684 2
992733658 2
992861396 2
993542554 2
994644658 2
994678972 1
994756428 1
995183052 1
995562148 1
995606076 1
995681426 1
996362136 2
996823392 2
998074998 1
999986800 1
2
4
6
8
30
31
41
45
47
49
51
57
92
94
95
98
102
106
108
113
124
134
136
138
142
144
148
151
158
162
163
164
167
169
171
174
181
203
205
209
220
221
223
226
229
230
236
247
254
256
259
263
266
268
272
273
280
284
287
288
305
311
312
313
337
352
356
360
369
371
372
374
380
406
407
415
419
428
438
441
442
443
448
453
458
469
471
473
474
477
488
489
498
500
501
502
509
516
518
526
532
538
545
549
554
555
556
559
565
567
568
570
574
591
592
594
596
599
602
604
607
609
610
611
618
639
643
646
650
653
656
665
673
674
675
677
679
696
697
698
705
710
712
719
724
737
741
745
747
750
752
754
756
760
778
789
793
794
802
807
808
814
820
826
827
832
839
842
852
858
862
864
875
879
888
889
897
898
902
904
911
913
914
918
931
937
951
953
959
963
965
974
975
977
981
983
991
994
996
998
1003
1013
1017
1027
1029
1037
1051
1053
1056
1066
1068
1069
1070
1077
1101
1102
1106
1109
1112
1115
1131
1138
1141
1153
1154
1162
1164
1173
1178
1181
1182
1183
1184
1189
1194
1195
1199
1202
1205
1209
1214
1222
1229
1236
1238
1242
1244
1258
1262
1267
1269
1275
1287
1294
1301
1309
1314
1316
1331
1333
1336
1337
1344
1350
1351
1353
1359
1360
1362
1369
1380
1381
1389
1393
1414
1419
1420
1426
1428
1434
1435
1439
1440
1444
1457
1460
1462
1471
1476
1478
1484
1485
1489
1491
1501
1503
1507
1508
1512
1526
1528
1530
1543
1552
1556
1562
1566
1571
1576
1579
1593
1602
1611
1630
1632
1634
1645
1647
1650
1653
1655
1656
1660
1664
1668
1669
1684
1687
1693
1694
1698
1700
1705
1706
1723
1726
1728
1730
1739
1742
1745
1756
1757
1759
1767
1770
1774
1778
1798
1801
1815
1817
1823
1824
1828
1831
1835
1836
1853
1866
1867
1868
1870
1873
1885
1888
1895
1897
1903
1907
1914
1921
1928
1929
1931
1935
1943
1945
1951
1952
1954
1955
1964
1968
1971
1991
2001
2005
2007
2010
2011
2017
2019
2021
2024
2025
2026
2030
2036
2038
2042
2044
2050
2056
2057
2070
2072
2084
2088
2099
2101
2106
2108
2111
2120
2123
2124
2125
2128
2132
2141
2143
2159
2167
2171
2173
2186
2187
2192
2202
2205
2218
2219
2221
2226
2234
2235
2238
2244
2245
2247
2254
2262
2283
2284
2298
2306
2308
2309
2313
2315
2317
2321
2323
2326
2328
2330
2336
2342
2345
2352
2356
2358
2361
2369
2372
2375
2376
2385
2386
2396
2397
2399
2401
2405
2409
2417
2419
2423
2427
2428
2445
2455
2457
2458
2479
2486
2498
2499
2507
2508
2509
2510
2511
2515
2518
2519
2522
2528
2531
2532
2534
2536
2540
2541
2542
2543
2550
2551
2553
2557
2564
2565
2567
2573
2574
2576
2580
2585
2590
2592
2614
2615
2631
2634
2636
2641
2643
2651
2654
2655
2665
2666
2669
2676
2677
2678
2684
2688
2690
2699
2700
2701
2702
2704
2706
2708
2709
2713
2715
2717
2718
2726
2727
2732
2734
2739
2741
2745
2758
2760
2764
2765
2770
2776
2778
2779
2782
2786
2790
2792
2793
2795
2813
2814
2815
2821
2823
2825
2829
2833
2839
2840
2842
2845
2852
2857
2859
2860
2866
2868
2875
2887
2892
2894
2896
2898
2900
2902
2916
2920
2923
2924
2927
2929
2931
2932
2940
2945
2947
2948
2956
2961
2967
2973
2976
2979
2980
2981
2983
2985
2986
2989
2990
2999
3010
3033
3034
3042
3048
3063
3065
3067
3068
3075
3077
3084
3089
3096
3097
3110
3115
3119
3121
3123
3124
3128
3135
3150
3160
3162
3173
3174
3175
3178
3188
3194
3205
3215
3219
3221
3224
3225
3234
3236
3238
3242
3247
3249
3251
3256
3258
3259
3262
3268
3270
3272
3274
3275
3283
3285
3291
3293
3294
3299
3300
3303
3305
3306
3313
3314
3319
3321
3323
3327
3335
3336
3337
3339
3352
3359
3361
3366
3367
3368
3376
3379
3382
3386
3388
3398
3403
3418
3424
3433
3440
3448
3450
3452
3455
3458
3463
3467
3486
3489
3492
3498
3500
3504
3512
3519
3522
3536
3540
3542
3557
3563
3577
3578
3580
3582
3589
3596
3597
3598
3602
3604
3610
3619
3628
3630
3633
3634
3635
3636
3639
3640
3645
3651
3660
3663
3665
3667
3668
3669
3677
3684
3686
3706
3709
3714
3720
3737
3738
3743
3744
3752
3760
3763
3764
3771
3773
3779
3797
3811
3830
3838
3840
3847
3853
3855
3856
3862
3865
3875
3882
3908
3911
3916
3918
3927
3940
3944
3947
3948
3952
3953
3955
3965
3966
3969
3973
3978
3981
3987
3991
3992
3994
3998
4006
4012
4018
4021
4034
4039
4044
4046
4047
4053
4055
4062
4066
4074
4086
4094
4095
4101
4108
4114
4117
4119
4122
4125
4131
4143
4158
4177
4178
4194
4198
4216
4217
4219
4223
4228
4229
4235
4237
4238
4240
4246
4256
4259
4268
4271
4276
4279
4285
4288
4289
4292
4295
4304
4311
4323
4329
4330
4331
4339
4342
4349
4356
4358
4365
4367
4379
4398
4400
4411
4412
4413
4415
4418
4419
4420
4426
4430
4440
4443
4445
4446
4452
4454
4458
4461
4470
4473
4478
4495
4500
4510
4515
4518
4521
4522
4523
4540
4550
4568
4571
4573
4575
4576
4577
4580
4588
4593
4597
4598
4600
4603
4606
4618
4621
4622
4624
4640
4645
4650
4653
4676
4686
4691
4694
4698
4707
4709
4712
4713
4714
4721
4723
4725
4734
4735
4737
4745
4746
4749
4751
4766
4773
4783
4786
4787
4801
4809
4819
4826
4829
4833
4838
4848
4853
4860
4862
4869
4884
4887
4890
4891
4897
4908
4916
4917
4920
4921
4922
4934
4940
4941
4956
4957
4959
4963
4976
4986
4991
4997
5000
