100 876 100
-10000 2
-9770 2
-9634 1
-9432 1
-8994 1
-8904 1
-8832 2
-8540 2
-8134 2
-8114 2
-7792 2
-7550 2
-7504 2
-7434 2
-7426 2
-7228 1
-7198 1
-6424 1
-6180 2
-6044 2
-5408 2
-5126 2
-5110 2
-5042 2
-5016 1
-4842 1
-4212 1
-4122 1
-3972 1
-3840 1
-3784 1
-3572 1
-3040 2
-2982 2
-2966 2
-2686 2
-2522 1
-2426 1
-2296 1
-2262 1
-2076 1
-2054 1
-2050 1
-2022 1
-1896 1
-1572 1
-1564 1
-1210 1
-716 1
-678 1
-644 1
-464 2
-198 2
354 2
396 2
482 2
540 2
668 2
712 2
764 2
864 2
1050 1
1054 2
1084 2
1320 2
1368 2
1490 2
1572 2
2356 2
2480 2
2654 2
2888 1
3454 2
3644 2
3682 2
4138 2
4468 2
4736 2
5196 2
5372 2
5694 1
5924 1
6044 2
6172 2
6250 2
6628 2
6792 2
6796 2
7310 2
7458 2
7846 2
8242 2
8260 1
8462 1
8586 1
8604 1
8740 1
8784 1
9504 1
9560 1
1
2
3
4
5
6
7
8
9
10
11
12
13
14
15
16
17
18
19
20
21
22
23
24
25
26
27
28
29
30
31
32
33
34
35
36
37
38
39
40
41
42
43
44
45
46
47
48
49
50
51
52
53
54
55
56
57
58
59
60
61
62
63
64
65
66
67
68
69
70
71
72
73
74
75
76
77
78
79
80
81
82
83
84
85
86
87
88
89
90
91
92
93
94
95
96
97
98
99
100
