495
331
185
540
870
177
772
336
270
285
589
554
463
610
198
592
554
343
208
147
602
470
21
812
1
208
21
999
396
250
593
195
835
749
501
98
459
984
813
59
410
96
62
651
567
760
32
1178
129
451
483
745
305
528
314
490
737
554
691
190
488
25
188
42
1113
249
799
660
86
1106
870
292
426
152
514
895
273
455
832
759
28
299
148
148
13
586
319
741
221
725
674
1135
419
447
713
464
11
312
655
237
234
599
438
275
1086
800
415
131
456
559
188
557
716
415
243
8
710
1099
950
1098
68
978
235
85
520
1
1063
320
223
174
250
804
767
919
231
611
983
458
853
83
242
329
1174
617
412
17
302
342
226
699
172
894
295
825
406
297
243
95
84
929
1
217
268
151
39
211
63
530
148
734
252
12
554
792
477
952
1053
174
754
739
874
406
306
521
46
161
139
567
221
69
1258
15
646
105
838
359
240
497
32
531
340
1042
487
1147
545
29
170
674
945
117
20
601
420
402
460
912
300
425
713
66
25
162
897
548
211
579
543
718
601
14
697
184
815
107
1137
217
675
700
135
4
374
1081
221
507
674
496
325
170
915
257
24
145
339
733
733
568
372
179
551
449
713
294
652
525
730
441
948
969
154
3
877
204
213
196
745
1027
74
318
340
442
409
180
683
418
483
165
113
736
462
295
308
805
981
186
37
102
98
127
246
760
448
33
973
428
64
231
32
89
447
98
366
470
222
495
802
146
585
312
510
271
97
177
216
942
293
673
753
254
778
127
550
883
82
29
100
405
591
276
123
90
6
684
604
720
64
595
1010
367
149
151
613
926
92
72
565
375
178
390
218
1002
697
279
408
225
500
956
876
1080
808
21
369
1095
1134
175
440
1
263
321
176
355
860
399
198
125
150
516
563
245
1145
669
177
196
962
277
33
1095
1047
289
580
865
25
423
672
1065
556
278
332
1288
960
402
181
676
185
171
419
572
411
414
788
156
143
626
488
715
708
445
725
262
630
340
42
518
384
963
385
561
482
60
88
805
926
24
757
0
96
784
167
129
697
461
51
838
389
236
614
28
965
244
90
80
520
112
846
1090
429
758
933
85
82
247
300
1064
558
65
378
653
912
508
121
827
200
838
626
98
61
773
1076
799
882
381
1201
544
882
644
48
211
184
239
314
90
262
263
130
430
241
169
275
367
205
563
389
94
887
866
694
250
84
114
302
775
73
202
643
802
809
687
108
31
875
311
614
686
66
42
59
467
508
482
289
466
903
610
1082
576
82
605
11
677
69
1053
104
485
699
659
212
694
22
735
1097
950
609
417
349
382
533
640
763
876
75
901
267
182
574
959
682
220
319
247
555
219
1078
217
93
193
65
416
124
1135
44
109
279
776
983
374
955
711
904
290
635
290
442
86
46
302
70
366
60
32
768
330
447
301
245
282
245
647
445
704
423
70
247
18
167
277
600
521
325
473
921
202
539
176
514
89
40
678
632
808
455
1098
369
483
450
63
332
361
994
167
943
310
75
814
1184
427
48
217
77
294
863
425
450
244
646
192
1010
678
42
1
636
287
81
114
390
89
506
226
141
63
750
701
989
355
250
332
439
17
476
517
750
1080
84
593
88
624
857
92
428
388
773
553
1008
978
563
996
110
723
26
379
981
335
35
237
770
332
932
145
885
202
202
411
376
130
80
634
30
803
219
322
481
17
314
582
134
122
34
469
628
52
406
37
270
196
398
21
14
902
653
7
541
253
188
9
235
741
594
403
932
75
126
144
374
239
436
341
1009
1223
260
25
67
370
683
724
138
1068
826
135
83
155
29
622
331
488
199
126
126
958
185
125
22
955
292
418
106
45
313
166
136
437
845
387
85
76
678
446
1163
675
515
34
137
65
579
85
932
426
188
163
263
162
241
501
343
211
225
229
1156
1
352
124
892
856
7
3
779
471
758
755
479
307
40
415
303
244
1192
343
1054
67
246
659
168
615
20
729
305
261
158
347
322
305
192
266
323
1140
413
56
439
519
1026
356
1160
495
93
730
708
522
505
869
523
43
232
49
148
655
537
102
389
434
170
291
254
87
9
24
253
88
280
450
97
329
803
706
237
873
128
276
78
12
620
193
82
12
408
209
6
133
1058
171
227
433
761
580
535
274
55
320
403
240
147
263
15
1135
318
298
176
56
186
128
305
348
598
734
689
339
460
287
190
200
444
1019
350
552
540
483
102
50
298
134
159
318
696
371
1068
459
173
493
12
55
1041
754
517
624
759
103
31
978
843
934
461
118
608
472
339
72
604
166
1167
60
945
103
137
206
961
1078
291
1191
689
309
796
186
384
3
705
228
726
114
338
221
71
185
976
151
423
102
115
820
204
208
544
732
240
376
886
513
466
333
300
294
78
331
138
306
124
887
113
167
892
701
1053
559
723
555
82
440
59
68
32
265
4
39
660
910
184
510
2
459
723
186
205
909
254
134
148
589
245
897
239
279
888
1042
449
303
115
120
302
912
1083
78
485
357
73
184
40
965
604
529
548
489
53
468
181
977
200
51
549
238
933
542
311
384
487
51
76
110
856
125
585
128
88
313
456
944
621
183
629
323
165
540
267
139
376
870
162
174
714
83
534
94
115
325
934
619
719
218
544
514
196
236
383
44
112
257
425
917
480
1011
1004
213
147
362
209
199
262
1104
51
937
22
394
42
160
376
824
231
257
257
693
170
289
335
277
992
68
828
694
745
549
845
1091
695
190
417
728
815
99
162
356
638
215
69
515
92
506
485
921
164
611
407
530
401
794
134
252
955
1161
846
753
501
453
83
238
959
13
195
880
201
343
181
79
762
64
378
25
99
178
6
510
228
863
611
875
362
33
407
152
770
0
306
474
512
132
963
295
83
209
223
747
181
526
522
325
80
257
153
395
39
1062
819
244
310
649
549
130
449
248
541
45
413
878
387
264
323
2
99
671
693
424
272
535
174
467
729
648
1091
7
448
370
355
221
38
334
803
897
1203
123
560
647
527
110
384
642
172
87
880
621
142
49
267
505
88
30
292
382
504
710
796
382
434
1
1225
702
828
353
539
12
418
147
738
35
514
51
113
786
470
185
808
136
930
145
299
465
80
675
114
706
832
189
284
492
225
946
78
989
799
608
659
831
388
1089
111
422
276
849
86
213
1111
297
782
699
739
539
860
797
1175
602
236
60
126
228
334
571
363
197
501
713
522
542
426
311
333
111
554
657
684
511
778
65
117
833
966
222
53
945
405
357
58
259
267
815
38
806
119
15
1116
37
125
1097
319
353
312
399
569
1071
529
1081
881
957
676
341
94
34
916
105
66
392
582
248
362
701
922
452
1087
275
30
404
196
196
664
947
754
810
573
205
94
34
142
666
460
170
352
418
475
256
547
726
504
14
842
1238
164
255
70
219
1238
330
588
296
1209
162
454
385
439
415
1175
57
88
85
1087
686
355
15
877
348
395
203
837
578
164
59
190
470
556
2
430
531
924
138
530
300
315
134
370
444
440
674
112
86
232
131
793
118
408
500
78
607
112
1224
710
320
694
785
658
816
530
438
845
642
58
178
692
579
439
154
958
765
286
275
315
427
732
567
228
273
445
593
652
169
354
565
996
673
99
736
444
311
369
575
267
472
67
1160
172
366
15
252
573
584
179
39
61
598
120
1045
486
88
351
253
290
341
423
788
79
320
615
220
275
302
147
168
352
696
487
329
684
372
13
367
375
175
295
246
24
82
514
390
38
23
565
131
168
4
176
56
1027
142
52
202
479
89
143
18
51
403
43
225
1193
387
755
40
470
82
559
666
1115
79
200
1120
381
926
121
739
0
199
664
232
800
989
316
434
375
7
286
13
1059
129
1149
119
434
75
632
718
1071
181
1036
876
609
93
50
938
65
536
112
529
340
249
191
268
903
1035
163
322
248
973
386
231
118
999
684
50
562
399
713
184
334
34
502
814
803
296
183
858
408
773
176
154
419
389
331
716
713
292
794
228
76
269
989
180
432
197
1038
886
251
403
1212
976
305
26
442
694
505
597
658
285
305
94
315
688
831
606
37
211
412
376
472
120
355
576
461
497
675
367
233
82
320
663
256
351
375
389
236
941
137
55
1083
262
195
262
152
42
87
327
147
632
871
1227
480
352
222
651
608
628
153
706
825
756
1189
270
163
460
405
951
243
539
210
173
547
208
970
58
549
97
729
340
94
1049
599
1156
275
498
944
139
115
4
671
16
191
351
619
202
743
343
117
129
556
60
298
272
1240
279
338
101
1055
458
102
46
160
288
114
1003
615
920
765
477
170
117
173
534
780
746
342
350
32
332
228
821
818
218
158
121
365
178
785
221
256
1016
862
481
899
617
807
442
155
1017
780
30
635
73
1126
774
572
56
489
272
206
399
857
592
407
545
327
245
436
889
540
68
271
468
528
332
146
122
319
157
138
378
392
52
130
928
760
139
538
967
334
451
359
76
807
258
84
348
473
356
939
323
64
321
183
607
188
458
315
384
36
778
992
337
618
1183
918
237
1103
277
1134
739
217
272
32
986
667
78
770
903
97
527
337
771
133
23
1118
223
653
857
590
349
286
410
854
153
84
27
366
805
469
277
56
292
498
128
304
24
225
1085
406
30
283
1211
516
746
832
938
227
292
765
631
117
796
254
505
514
74
85
62
776
353
190
371
803
844
154
413
127
1001
267
427
494
195
967
311
189
208
46
391
82
451
682
490
492
110
373
819
229
146
126
455
1
153
407
323
648
422
318
298
60
276
49
856
81
4
634
393
681
931
489
217
642
638
71
45
494
665
1051
141
402
1165
792
29
357
297
159
62
144
218
853
166
465
397
265
679
606
302
21
592
740
303
508
379
185
273
1077
137
370
1105
1
209
613
966
449
801
6
101
317
360
18
9
95
569
395
308
956
233
538
758
512
89
63
227
159
62
611
135
63
484
300
121
603
336
259
361
31
738
110
1215
180
1242
1160
2
99
622
307
69
404
31
246
1089
86
1273
167
723
293
138
175
73
785
47
654
432
517
294
578
161
965
988
720
286
192
78
369
296
943
47
117
1031
505
686
441
534
94
127
590
243
519
183
368
317
450
89
109
83
775
39
1083
553
854
171
856
408
1093
200
115
353
197
575
259
119
767
356
647
797
648
170
903
1262
515
947
39
158
643
716
705
224
93
979
199
482
443
9
164
369
1142
207
101
14
96
245
191
592
680
952
800
29
857
500
294
87
750
39
421
578
34
348
205
1064
291
137
288
481
62
824
144
495
195
585
611
211
372
831
96
627
775
632
26
120
1015
102
634
94
340
25
475
269
856
55
469
106
315
21
23
422
447
293
22
141
452
331
298
388
243
354
35
924
411
390
353
397
430
113
262
0
258
198
146
421
339
1151
1140
654
159
153
850
45
870
137
334
88
134
178
669
458
183
179
439
197
274
241
159
323
891
336
93
180
1107
826
112
773
503
170
408
278
11
69
31
60
901
472
332
450
630
125
401
5
119
615
337
536
121
847
878
243
598
257
641
500
304
502
223
674
677
217
401
61
4
98
265
0
96
493
304
188
571
604
1005
341
462
305
410
159
177
845
65
499
416
314
1
614
480
1122
865
296
320
70
839
580
164
886
459
662
569
59
198
922
935
571
438
153
786
168
297
7
539
1115
415
774
71
641
94
672
264
603
236
156
44
1086
233
444
549
262
668
14
252
360
573
477
639
244
719
595
577
797
197
444
168
791
108
319
495
545
820
944
994
557
45
880
67
432
1001
672
186
409
186
794
172
134
47
941
281
13
698
626
239
112
544
258
365
180
33
41
852
384
143
336
97
179
265
163
154
246
312
314
61
934
203
85
199
131
73
790
198
498
589
235
271
434
509
711
968
75
166
252
1050
966
154
78
1214
863
211
578
759
118
1096
678
362
669
1099
817
257
592
946
29
366
1171
324
100
482
337
239
369
262
279
401
717
185
21
323
500
128
207
1145
45
309
246
439
941
113
235
434
840
827
458
136
15
42
265
231
145
746
204
538
736
73
748
330
342
179
87
314
242
51
294
710
574
281
447
519
782
146
140
32
378
159
643
287
198
68
192
802
255
666
1005
242
972
260
61
375
389
220
283
21
607
39
578
1238
195
161
777
1081
252
211
79
546
631
81
348
141
205
35
586
735
500
107
160
767
43
146
239
946
272
435
41
936
420
57
324
728
821
345
243
22
343
159
105
88
98
860
538
65
342
340
203
168
731
1102
172
186
80
114
270
825
867
722
521
923
255
881
581
225
150
708
204
125
118
494
122
1079
634
377
899
72
818
320
609
529
579
60
215
120
815
23
653
46
308
120
260
208
144
171
301
604
348
472
505
187
900
766
341
989
944
372
118
81
85
1008
485
357
177
283
723
431
547
334
256
291
267
290
1127
684
582
536
745
166
874
1106
1079
580
1063
175
562
605
220
493
236
259
125
210
110
385
407
312
234
580
152
217
129
5
207
274
745
711
402
706
166
469
1141
76
209
362
721
998
6
616
828
503
1081
68
746
542
1154
679
839
424
33
913
667
756
702
946
230
211
671
302
741
619
819
63
750
328
20
1110
372
116
44
126
106
8
427
202
530
567
241
526
36
30
879
338
976
230
542
736
149
207
541
195
800
727
916
190
194
103
609
529
77
64
276
793
995
373
73
976
417
488
123
262
145
122
224
73
75
1028
285
21
253
1244
308
42
546
1049
626
154
921
300
181
96
548
565
751
1183
823
846
386
61
383
91
750
535
430
391
554
680
1146
115
495
50
1074
1271
400
370
372
154
496
121
1179
601
546
325
703
634
22
821
24
291
527
35
424
417
221
168
132
455
559
78
1180
199
69
0
206
521
98
897
655
67
217
661
124
527
347
199
13
783
812
1151
690
287
799
73
514
899
70
948
1148
208
202
383
663
215
679
354
314
100
457
218
388
468
80
948
734
47
573
337
236
172
54
596
397
230
882
191
513
3
69
575
954
1054
352
609
906
20
498
177
230
40
254
1052
225
70
365
858
514
462
132
352
40
367
361
386
556
227
647
919
605
784
594
427
776
51
529
396
257
691
302
232
311
852
90
17
867
774
801
234
600
178
174
1177
704
379
651
523
981
971
512
1125
330
731
616
145
639
33
685
110
529
847
598
631
361
729
34
122
166
531
355
794
1139
661
96
452
124
22
271
563
448
478
956
608
117
627
228
256
427
518
171
178
960
583
538
620
855
436
495
264
146
48
90
681
929
835
538
870
933
243
260
349
162
434
475
491
595
525
99
297
332
566
834
309
663
426
361
47
196
310
145
1059
132
566
830
816
25
411
263
371
555
262
585
143
131
484
764
885
977
277
253
471
362
162
786
430
537
698
729
865
208
134
80
447
591
608
11
142
238
143
234
1061
341
1032
249
749
258
7
240
608
78
1156
352
378
590
530
257
201
478
1074
152
648
930
44
147
716
86
61
115
42
287
288
104
344
4
271
38
178
374
52
799
671
567
796
319
115
1104
123
268
500
714
525
365
517
116
146
490
169
161
214
400
269
400
34
310
197
393
463
323
634
360
344
638
297
126
73
74
793
600
679
674
1198
110
150
771
838
607
290
145
199
542
553
121
834
257
46
729
22
1171
417
334
297
572
339
249
190
242
637
32
588
185
1065
209
513
442
686
291
607
229
136
31
320
196
179
918
318
134
330
100
755
133
288
173
692
798
90
223
505
80
898
229
672
88
143
421
658
174
968
66
174
410
489
577
859
584
923
663
96
685
303
381
622
77
15
515
660
620
383
519
391
813
30
893
589
384
372
171
1039
205
40
411
131
1020
87
684
260
403
246
162
242
560
797
488
11
210
300
143
266
303
122
10
459
677
355
274
7
322
1167
286
521
308
514
3
464
656
829
354
478
318
224
98
1125
316
737
642
662
202
653
1093
70
374
653
181
823
351
367
137
927
296
972
564
353
558
19
116
449
115
758
107
683
126
313
278
639
430
772
118
394
672
5
309
1125
762
126
580
115
18
54
707
960
396
430
288
712
195
623
267
437
236
308
163
76
1194
119
500
968
320
106
286
444
666
282
84
169
63
214
460
928
678
260
650
914
290
966
189
707
210
691
1252
1033
639
15
329
673
881
717
550
354
502
980
360
199
262
69
473
426
571
321
430
303
639
738
110
374
1258
685
1107
121
66
650
356
1209
316
104
521
951
717
234
290
633
345
344
190
972
63
852
348
91
79
526
566
269
553
955
45
349
339
432
866
530
535
544
709
251
780
25
447
207
958
268
81
421
194
566
529
377
206
29
245
513
369
301
193
80
782
1028
19
58
344
505
852
222
445
23
82
388
666
924
120
289
115
280
126
1009
120
588
294
179
29
256
60
1215
12
1135
9
404
379
1042
138
514
521
174
1160
278
615
216
1015
576
357
897
564
273
491
603
185
247
305
566
600
292
307
696
1000
374
510
133
83
922
14
43
826
218
194
288
347
121
289
471
345
215
1066
105
445
91
920
2
631
126
849
120
660
91
104
197
274
532
110
540
668
117
560
137
149
1132
653
740
358
394
292
404
820
132
197
135
43
411
302
521
605
372
611
277
64
19
670
417
330
54
273
248
273
3
391
575
499
797
36
462
159
8
732
68
465
130
324
406
140
260
475
633
767
729
383
1010
985
862
302
129
10
139
219
207
105
891
33
30
795
93
734
261
471
24
831
973
1154
30
199
710
650
4
584
822
75
50
506
154
356
163
1108
338
592
532
899
104
301
220
67
639
810
917
265
156
243
131
610
940
830
97
776
558
384
672
687
194
455
444
282
17
344
689
734
588
403
523
420
185
514
787
44
255
109
328
339
358
107
430
85
123
395
456
552
241
96
79
191
541
131
1029
205
172
159
508
334
624
223
340
208
193
124
453
305
134
108
394
500
693
562
618
143
347
529
614
775
15
708
762
544
416
765
615
239
175
2
268
563
163
51
1159
744
90
719
497
1090
954
1270
7
4
1163
364
1065
774
6
1017
838
852
249
298
110
324
892
661
243
625
315
95
731
395
269
106
698
452
1195
405
577
458
911
393
370
552
1224
237
250
757
170
333
864
880
746
363
31
48
956
615
708
811
183
20
369
30
11
470
162
927
206
138
142
822
588
491
505
392
149
301
172
839
289
392
23
777
580
64
122
374
847
490
520
94
1162
1048
29
458
1027
110
351
582
70
966
823
712
354
235
585
521
746
388
119
255
960
678
517
44
292
968
579
674
487
601
351
49
94
628
413
862
564
117
843
1169
112
225
447
15
793
330
594
1012
652
23
1031
834
654
378
63
257
201
885
355
504
284
464
220
850
188
626
352
588
975
690
486
889
254
252
759
429
396
863
96
124
549
268
833
450
445
217
122
101
454
114
38
547
1149
361
375
179
7
1092
301
123
189
662
334
388
486
283
960
685
42
506
149
126
210
910
180
598
215
227
353
157
1078
410
1049
817
1157
126
249
367
679
365
696
84
163
257
103
489
155
1040
189
646
27
473
142
1189
664
150
62
408
428
12
423
124
732
1087
262
2
131
65
15
275
225
836
596
72
428
30
261
185
166
1135
941
210
544
516
431
760
101
288
647
96
555
689
151
410
226
614
708
319
348
813
1055
189
66
621
619
1049
712
181
498
389
172
631
558
180
163
372
23
110
131
201
267
613
451
267
549
24
224
688
502
630
779
671
574
281
982
248
794
306
283
746
374
193
350
1078
822
541
626
299
199
804
541
224
139
401
223
327
98
403
478
528
1
742
204
13
176
355
149
402
667
607
398
950
540
869
747
343
293
879
654
24
370
692
399
352
474
371
335
376
753
5
346
728
796
105
145
145
185
126
839
822
517
61
529
103
648
18
661
480
689
184
523
2
638
423
398
157
824
362
352
206
613
418
512
114
653
398
681
1088
611
265
735
1089
812
499
128
85
393
369
182
791
24
166
692
563
109
152
4
112
902
382
1043
69
773
403
474
179
44
608
615
545
361
279
888
913
328
127
107
291
236
1011
465
601
651
424
1080
281
320
79
426
864
974
161
55
705
349
315
150
37
673
82
69
213
60
268
406
55
98
589
350
232
294
974
63
693
471
162
608
251
64
47
134
554
116
639
273
431
7
130
194
546
165
41
148
325
440
790
576
939
1044
791
1027
679
336
336
520
704
268
632
329
257
100
392
952
1125
802
89
775
451
215
760
12
91
925
204
280
47
299
367
244
339
848
1164
69
264
201
682
88
495
491
289
486
791
427
705
327
335
301
403
820
629
1181
703
169
175
138
511
760
436
631
56
602
408
918
469
555
1085
1162
698
840
143
661
345
185
187
614
754
656
170
88
751
138
73
510
918
379
172
1008
773
733
688
801
302
784
234
790
1109
1040
544
858
954
833
456
915
578
89
843
793
159
226
331
491
15
648
16
442
260
934
514
215
491
342
583
933
20
56
263
635
760
114
1031
40
415
108
160
564
658
1168
269
491
529
1034
831
144
432
427
8
671
610
29
79
291
204
31
70
1018
421
292
48
192
158
179
234
100
697
459
236
349
575
991
226
22
229
119
46
1155
360
637
196
170
432
262
641
137
757
470
504
164
895
312
209
125
658
101
127
444
604
583
166
1128
199
373
84
365
101
940
741
187
187
219
96
58
331
560
178
1032
46
36
109
60
248
969
467
411
480
363
63
75
741
411
839
155
598
177
710
720
1007
148
202
3
88
943
1082
59
632
132
866
83
169
783
343
33
460
221
123
590
962
432
77
391
389
154
1078
895
957
851
158
479
1109
440
182
29
753
202
469
466
21
222
614
390
527
490
600
790
788
245
543
923
937
234
61
282
320
470
556
640
257
257
134
513
527
26
32
191
781
655
450
418
362
330
271
365
52
20
502
202
884
179
25
358
826
33
130
861
473
262
718
431
828
651
2
412
345
629
292
75
178
217
768
430
697
19
789
363
57
1079
871
403
119
1044
522
61
548
29
229
150
1052
800
128
79
205
173
451
469
237
923
126
374
310
358
420
115
108
70
462
647
576
12
267
205
552
418
6
774
357
110
677
241
268
469
424
1006
673
37
28
198
271
23
399
1016
625
138
438
268
691
180
501
394
738
678
1154
356
3
525
417
513
460
729
762
648
378
528
546
386
894
129
206
787
646
203
470
783
633
310
240
410
397
564
622
237
401
25
456
802
212
532
462
635
66
121
7
59
574
362
213
410
884
90
780
229
253
1092
626
70
787
234
775
127
75
582
44
236
319
583
543
107
725
211
42
780
910
275
807
541
769
985
31
429
499
706
451
30
600
532
1048
563
97
589
265
269
102
800
116
62
1014
386
660
492
585
529
414
104
678
268
324
309
626
740
605
340
105
366
442
393
118
909
353
171
554
334
1077
96
182
173
310
756
301
1218
976
354
693
207
369
583
148
752
309
117
100
340
210
515
336
159
572
1277
564
127
238
1215
392
608
548
835
358
219
61
423
526
667
6
476
262
480
512
588
178
432
520
54
398
557
1007
827
9
120
948
301
548
47
869
760
173
6
10
93
450
434
614
870
349
11
133
951
270
299
188
112
45
433
187
354
406
51
322
340
218
521
199
158
411
670
202
224
438
14
460
875
590
261
1057
173
458
1029
355
77
572
102
578
1059
237
896
157
703
95
440
654
367
856
1078
698
586
217
714
1056
693
928
564
896
109
50
376
1
590
39
810
869
327
17
68
835
49
170
217
184
430
707
672
901
753
162
115
121
915
26
401
307
79
293
781
530
153
608
7
42
499
604
393
1043
490
101
755
28
33
495
347
102
90
110
553
1230
815
528
668
210
216
616
797
113
462
626
16
709
214
376
134
340
834
241
629
843
1108
207
783
687
254
658
359
273
236
41
385
605
626
61
520
777
3
96
149
631
139
745
66
1065
178
629
855
573
1061
587
697
345
978
274
301
184
365
639
70
80
568
577
168
1110
480
555
62
181
320
856
582
55
1013
873
860
746
506
231
747
318
557
284
127
244
677
343
861
897
86
369
155
76
550
1023
575
391
797
1164
310
484
2
495
217
589
408
623
912
131
863
447
960
866
730
67
466
442
458
716
123
107
89
245
620
411
418
229
202
549
102
590
551
234
930
62
349
501
14
951
860
868
211
283
560
127
533
286
173
425
320
419
1096
107
675
472
604
735
374
201
23
664
237
294
106
688
678
544
981
27
396
793
967
309
637
959
100
367
638
382
374
485
16
119
700
2
370
78
895
422
23
369
426
453
340
600
920
727
372
261
125
572
475
176
579
107
608
199
140
558
235
847
720
63
403
31
885
36
792
403
276
453
346
413
40
899
201
284
349
336
399
51
231
950
46
1197
348
21
110
671
1003
470
449
592
32
534
41
885
140
42
366
701
2
658
515
1034
1075
454
1085
503
645
124
60
191
187
896
11
220
724
1061
125
132
355
195
166
896
182
574
133
359
158
209
321
29
111
593
113
157
626
442
432
92
472
30
1176
98
471
6
237
391
48
659
618
117
37
135
498
82
182
424
527
65
360
874
779
168
605
524
84
249
188
125
303
178
360
523
826
770
106
393
1181
103
202
31
16
786
233
517
317
534
332
762
261
171
91
120
528
893
247
27
671
583
397
100
823
275
230
733
62
234
151
323
569
252
214
423
1101
111
90
250
230
172
443
477
446
220
175
255
598
587
969
536
252
176
186
977
521
577
757
824
55
554
200
544
474
11
311
260
201
236
673
167
386
658
216
86
464
1160
576
179
275
352
460
466
347
0
986
1098
738
576
164
394
176
118
1146
967
503
161
194
56
254
68
828
135
300
907
314
15
431
852
906
270
16
192
468
214
199
841
159
133
294
385
867
491
415
868
61
743
274
364
156
138
727
114
52
153
207
183
697
1090
389
470
418
179
629
249
931
65
652
415
636
663
696
459
411
442
127
440
422
176
173
699
50
20
377
529
265
679
1141
274
394
249
697
744
435
261
122
233
317
869
126
38
1135
1004
334
298
789
518
148
382
308
451
761
994
292
457
884
1008
736
1112
65
111
44
107
788
655
205
252
240
855
690
329
267
108
15
141
3
3
371
244
600
329
283
211
729
444
677
416
78
573
237
697
922
427
619
618
470
576
139
578
87
636
704
891
288
286
602
448
147
787
453
259
646
79
429
204
705
932
665
417
266
36
1011
385
207
588
888
613
118
97
567
872
225
17
859
684
784
43
95
99
332
105
800
4
438
970
95
57
472
674
518
323
726
1088
91
456
424
90
309
62
1029
322
306
419
371
2
84
825
719
356
398
169
1194
508
362
186
27
100
194
358
348
235
393
17
210
385
277
377
503
65
92
776
568
890
19
609
361
462
387
862
205
58
239
583
152
101
138
330
97
673
473
556
759
289
1167
276
547
720
419
66
602
576
855
492
1064
636
858
571
93
198
389
966
500
606
208
25
357
107
885
230
872
201
867
359
56
684
227
168
819
870
59
426
274
1056
472
1245
55
302
1021
214
436
29
431
71
745
256
956
889
49
381
559
499
389
209
31
231
480
159
390
352
598
586
936
551
432
90
412
818
167
168
947
300
1057
32
661
548
896
234
406
775
193
456
416
131
629
331
58
1042
578
469
699
424
374
653
425
452
303
712
625
281
488
1188
156
690
172
37
31
145
79
71
313
855
263
836
301
108
563
765
28
292
241
579
687
316
282
556
857
125
57
229
369
756
1237
183
248
198
434
1146
5
85
69
191
7
282
444
713
792
49
466
47
316
730
453
456
469
778
146
95
217
209
756
544
632
242
275
1058
544
636
207
628
758
1038
425
435
609
85
713
475
6
137
567
28
256
783
215
419
600
98
520
959
193
72
215
750
827
460
677
188
540
142
300
406
178
441
1126
310
349
21
429
429
199
119
865
229
448
328
510
396
491
632
904
628
94
18
462
113
448
47
641
216
304
68
268
128
42
533
180
376
356
337
109
156
1154
885
794
547
26
630
481
100
606
414
32
662
826
335
400
217
476
863
884
701
683
329
73
13
320
926
557
100
143
802
395
486
219
417
397
988
445
531
88
22
131
189
611
979
519
1048
926
544
1009
257
390
875
750
1012
1098
865
210
640
316
4
123
78
243
133
899
389
484
238
1016
308
1108
125
580
649
139
284
215
405
14
224
631
396
119
35
214
875
252
451
700
2
29
1180
776
1088
243
406
155
770
1179
714
535
821
36
99
800
608
281
50
111
487
296
1175
315
237
250
57
282
455
23
1203
1073
310
143
198
48
22
59
185
94
615
993
38
95
594
339
163
579
229
709
676
322
919
354
97
289
98
341
396
352
521
422
151
558
43
139
61
358
561
699
283
482
815
972
633
393
342
266
708
471
362
467
150
626
605
984
721
450
346
94
912
873
115
711
537
968
229
330
724
345
914
837
343
111
348
332
606
37
320
320
104
7
1183
58
34
187
1115
186
455
1084
44
1060
323
408
85
25
132
785
252
620
603
147
561
90
566
1162
368
181
457
122
1071
824
722
685
470
1129
993
652
100
641
387
613
987
307
835
145
693
402
25
1065
86
1218
422
131
555
187
576
239
810
28
506
730
934
346
125
955
63
938
345
74
233
1012
90
349
694
1131
1009
202
253
324
390
553
410
56
235
386
165
429
197
551
521
153
312
88
315
480
599
618
580
740
172
878
896
503
914
463
270
789
512
725
483
717
1063
15
472
45
245
947
59
798
727
813
872
227
9
53
769
760
839
403
76
183
635
1212
222
909
371
1073
383
282
667
802
826
264
607
153
318
777
504
273
125
180
147
67
705
393
535
206
442
593
635
428
148
113
131
113
556
579
174
674
172
560
93
566
544
995
441
227
381
535
257
617
332
1207
467
659
872
95
375
485
1
935
624
919
106
425
547
146
305
750
33
938
381
180
412
811
155
324
619
341
33
216
132
1057
967
422
311
293
423
858
678
822
401
174
666
669
348
596
1076
749
677
740
43
1150
472
778
790
978
430
535
554
102
561
307
693
175
494
512
884
869
237
435
4
137
866
762
682
332
958
1077
649
401
128
104
449
29
273
21
792
602
163
134
61
69
94
662
678
159
975
13
296
22
1084
132
14
236
18
404
425
723
543
44
123
854
329
120
71
516
230
897
384
122
1269
67
733
487
1048
259
472
74
360
477
58
253
366
365
303
1014
328
363
93
653
204
187
322
1027
318
397
473
245
487
419
353
87
376
134
280
692
53
421
230
957
223
247
676
219
541
360
951
400
228
330
257
977
136
431
0
6
27
172
503
412
99
533
209
1223
543
206
48
934
56
63
195
485
787
861
50
63
9
314
319
107
63
382
507
309
29
842
1001
669
225
876
523
487
948
997
799
49
368
521
419
92
45
382
598
166
313
499
45
331
507
359
38
653
78
768
134
217
7
601
476
805
939
301
188
410
7
65
972
78
220
566
973
1027
62
106
877
379
1224
780
474
554
455
815
866
824
210
1047
196
1009
248
522
437
234
542
63
617
53
453
584
138
255
730
694
298
414
566
221
142
406
53
320
226
4
383
222
0
894
594
413
687
424
539
301
225
306
416
171
727
828
333
163
427
676
274
741
31
278
987
116
455
983
112
71
448
132
238
519
246
480
105
680
425
944
405
598
646
600
206
985
516
910
901
778
728
751
427
183
9
241
227
523
176
174
273
72
857
191
1023
949
354
1130
118
297
494
326
0
492
679
313
234
87
594
328
444
370
599
431
905
529
4
0
624
573
278
721
58
283
762
841
183
579
814
243
705
394
880
619
356
802
94
180
296
184
459
251
884
635
79
537
86
437
536
62
258
34
451
36
820
525
536
585
178
1034
1051
799
530
458
593
158
587
729
309
703
659
741
184
133
81
522
803
78
252
68
373
205
994
576
98
396
139
308
879
367
241
377
147
997
532
639
973
84
576
108
601
632
634
588
247
173
1131
261
601
628
129
969
247
184
128
543
42
199
392
557
263
219
721
703
1051
357
271
94
13
427
1113
37
311
203
366
445
824
621
444
985
837
420
1120
357
926
471
630
0
267
50
209
707
24
80
597
405
900
495
35
704
86
19
852
328
888
615
1169
730
118
432
1229
146
284
562
660
738
186
210
54
708
143
963
465
174
379
183
239
567
174
188
1005
276
106
282
969
523
479
254
255
4
348
103
510
524
751
116
30
81
603
457
32
60
367
82
147
283
138
1001
855
486
258
982
373
78
529
241
699
224
562
3
947
592
292
194
898
390
369
40
569
596
1061
214
341
622
522
