53
104
182
116
22
300
2
262
53
37
271
51
272
32
250
24
31
73
38
91
64
22
19
118
134
99
74
138
63
156
14
29
88
51
38
55
7
136
329
149
193
16
253
192
40
21
265
54
165
185
18
68
51
45
268
104
83
28
65
22
217
255
216
106
74
206
103
159
68
17
59
31
207
212
106
179
23
103
142
99
118
124
132
3
73
153
32
117
78
154
24
165
142
251
265
122
80
81
188
251
177
15
306
289
272
178
79
209
59
28
48
90
270
227
88
43
233
86
249
99
23
32
116
93
251
88
21
155
107
214
203
257
173
332
11
46
32
204
124
62
142
101
27
120
110
20
96
339
131
31
301
281
54
51
233
176
242
161
125
40
2
48
16
104
27
178
59
110
178
274
133
136
14
145
124
189
169
262
277
234
83
215
171
85
24
75
87
1
20
195
12
6
103
12
253
12
4
165
53
71
62
23
72
214
248
13
32
245
220
109
130
26
242
156
73
3
152
44
239
162
87
105
0
33
96
201
18
55
58
176
125
87
159
149
128
53
158
137
14
159
3
29
70
58
19
88
150
5
317
50
244
52
31
58
109
46
328
100
47
6
62
106
75
28
100
114
65
113
200
80
25
202
59
238
274
220
63
88
168
190
9
202
3
10
155
10
191
121
329
105
303
116
41
47
13
20
3
169
278
44
192
217
188
178
43
32
40
38
267
93
266
116
88
140
156
175
94
181
157
90
137
74
74
203
143
19
38
14
112
63
240
81
246
12
6
220
194
188
132
267
49
38
13
229
9
168
158
34
44
275
3
65
171
132
291
176
210
59
313
1
26
199
180
21
143
311
3
276
79
53
92
67
140
48
76
69
106
78
132
13
73
228
147
231
255
131
46
249
104
25
91
174
16
19
261
21
217
317
53
19
216
142
24
60
108
162
196
228
65
33
69
245
250
56
44
213
117
82
75
95
6
72
208
146
54
154
148
67
34
105
2
74
4
267
117
43
96
14
33
134
360
68
61
196
13
184
70
0
222
262
210
13
82
44
11
11
103
89
116
70
95
40
137
180
264
194
240
234
68
162
12
68
78
65
358
84
25
42
212
54
240
300
40
116
113
191
33
317
187
27
66
73
71
140
270
73
63
45
157
51
119
105
51
190
346
230
196
3
40
209
137
42
219
40
204
36
31
24
1
233
47
135
93
72
102
44
8
7
223
17
89
231
158
94
123
5
14
213
63
199
52
192
207
112
21
33
136
227
73
144
36
52
65
46
5
136
328
227
25
162
95
127
171
143
13
45
47
14
23
133
125
70
153
117
31
107
105
19
28
135
172
28
240
194
46
42
64
19
10
167
217
80
13
89
115
67
332
18
184
77
182
65
20
180
131
232
25
28
285
132
100
235
232
191
168
74
111
160
16
13
39
11
3
36
140
97
90
343
80
158
275
330
347
167
21
100
26
175
153
198
126
16
82
10
18
25
54
12
177
38
124
26
155
67
116
145
308
118
120
222
83
3
112
0
48
93
285
109
189
12
12
112
2
42
46
9
189
311
49
327
169
12
129
89
225
156
25
135
254
9
237
125
99
149
151
30
21
324
100
156
37
263
268
129
137
79
245
212
27
72
93
105
116
38
94
170
254
313
76
33
54
102
266
280
312
244
17
65
140
78
172
62
134
124
178
229
75
78
147
13
16
42
154
58
47
129
125
98
22
49
35
111
167
219
55
201
26
98
53
128
60
102
1
22
4
85
160
42
39
26
73
135
89
72
78
63
59
113
149
293
22
88
61
208
49
39
69
117
233
244
306
207
79
118
149
282
85
86
169
314
173
208
98
45
18
36
7
50
25
18
47
119
279
340
46
279
221
8
84
320
223
208
103
177
42
62
12
27
76
351
239
90
290
149
114
72
253
280
36
2
62
58
173
184
19
284
204
169
158
285
260
112
42
27
7
52
79
177
313
205
42
160
75
161
91
39
188
156
196
78
78
262
27
120
192
171
49
152
164
23
273
62
110
22
45
90
56
160
69
134
125
119
75
79
78
97
224
133
14
106
297
130
237
188
56
13
76
99
112
21
46
56
62
76
174
35
223
198
167
110
21
12
11
110
133
263
31
94
34
37
168
63
41
184
176
36
56
131
210
278
14
74
56
287
150
81
167
263
4
132
192
159
299
136
255
212
60
175
64
14
214
294
123
208
174
152
82
284
69
76
159
269
267
167
69
37
49
128
33
299
60
25
251
30
14
123
184
70
134
116
149
272
196
7
226
174
9
82
48
282
43
97
305
138
84
171
279
143
135
147
86
157
11
103
160
78
19
134
278
13
297
98
47
135
177
235
280
51
7
24
99
304
125
35
56
219
219
108
160
116
18
5
77
38
42
88
147
159
70
20
340
65
108
102
27
280
87
281
160
196
12
102
106
36
166
284
173
164
223
81
193
139
204
32
196
65
164
299
31
220
273
219
219
111
44
355
76
43
244
102
183
65
72
334
2
148
162
93
253
65
93
33
170
343
86
215
40
33
163
244
278
36
66
263
42
210
210
23
161
51
32
3
85
86
7
40
135
292
190
301
141
110
122
14
179
136
87
312
135
75
163
53
97
161
78
21
28
133
183
154
41
218
95
17
72
42
95
39
215
54
45
169
85
10
79
61
137
231
159
62
29
205
28
6
37
45
35
86
56
125
21
37
259
42
188
102
19
172
1
198
314
29
93
170
116
45
310
249
208
12
232
237
3
235
32
106
261
332
69
295
63
115
179
47
58
58
107
80
58
72
119
215
177
69
207
70
166
120
203
35
0
249
126
159
56
186
158
73
125
189
69
163
112
169
159
101
102
37
62
38
21
3
204
190
177
83
37
142
214
150
222
173
19
74
130
117
173
67
3
187
216
64
1
245
323
211
41
126
63
145
89
120
54
70
249
164
13
243
110
99
333
132
256
76
140
270
15
31
271
42
55
153
40
141
272
104
145
46
88
90
23
94
206
19
1
47
201
172
59
146
224
154
20
0
97
91
310
307
11
50
251
44
13
221
93
95
236
35
134
9
22
36
49
284
83
92
119
147
190
176
96
14
139
23
136
102
106
54
146
169
225
113
12
42
13
235
98
162
189
294
168
99
45
20
9
63
104
127
127
162
336
190
2
7
154
30
50
28
270
6
199
8
33
331
8
175
12
31
239
42
36
56
6
116
195
50
280
9
74
267
40
97
141
187
21
313
110
4
38
90
52
78
305
97
175
210
292
184
75
56
41
104
78
158
119
0
163
78
228
257
83
32
206
77
83
178
43
235
53
87
265
34
173
133
1
334
307
110
5
276
277
133
78
123
318
284
102
110
111
52
187
97
80
221
135
212
67
62
124
79
264
226
2
22
70
8
66
162
198
318
77
40
10
218
94
306
158
9
57
112
18
214
121
320
54
11
167
99
79
23
86
203
32
50
186
309
318
193
218
170
32
238
301
266
223
13
89
39
157
38
128
9
20
123
254
360
52
114
70
91
134
109
72
178
28
94
2
141
82
270
35
171
79
165
50
28
197
64
63
250
147
294
215
12
39
8
279
9
134
27
349
143
51
117
295
159
234
211
109
274
44
5
15
126
251
347
59
262
276
150
99
59
41
239
81
6
310
108
199
58
95
75
136
121
238
200
65
22
147
72
149
266
52
166
112
123
319
127
114
16
232
6
288
80
35
151
73
121
17
359
90
43
327
171
71
147
48
328
201
159
264
216
35
76
125
4
0
124
3
67
100
219
325
165
128
209
47
10
265
106
68
241
19
53
38
73
21
266
71
13
123
60
46
185
266
114
66
102
103
240
287
14
51
115
279
252
135
178
28
125
10
171
129
134
154
20
250
25
1
101
12
86
79
82
159
126
126
232
278
116
88
92
19
23
141
234
66
5
111
71
92
348
43
29
17
18
94
170
73
52
283
17
53
325
17
287
117
78
40
165
226
226
117
142
181
102
63
111
253
214
15
123
155
66
27
90
165
142
340
349
110
56
298
36
118
171
249
233
95
284
161
159
34
74
131
189
178
265
35
296
91
96
171
20
125
141
243
231
0
27
4
153
50
65
138
1
28
181
223
59
301
2
47
264
128
35
92
112
45
237
11
237
32
135
67
59
0
354
1
159
76
8
81
182
3
133
123
100
134
210
210
184
184
80
114
323
56
143
19
128
56
177
53
200
2
62
175
169
45
46
240
88
232
6
115
236
164
42
22
86
80
0
233
54
172
26
67
277
317
2
165
75
117
190
144
4
208
114
127
215
41
113
216
4
87
159
211
188
150
71
43
53
254
160
32
243
102
19
4
171
191
357
126
214
244
24
70
108
10
88
23
12
204
194
33
106
66
158
163
215
63
105
310
29
36
261
79
7
249
47
122
9
113
218
49
352
9
74
18
118
192
315
208
62
119
24
358
77
0
31
350
146
247
200
96
128
127
39
23
183
92
103
65
186
11
66
145
216
220
17
110
161
222
23
64
186
38
277
85
259
116
234
188
117
60
90
93
257
141
46
256
2
24
323
3
106
144
130
89
129
20
69
112
65
54
180
247
132
255
9
16
52
49
202
138
64
46
88
55
9
76
77
167
30
146
131
289
113
152
117
150
267
19
67
25
125
15
34
116
24
251
64
19
197
20
177
3
65
252
156
25
182
67
38
51
282
120
103
104
25
190
305
24
219
59
47
97
29
228
78
48
224
189
14
216
110
240
9
34
195
268
34
56
64
49
79
124
39
29
138
10
196
80
215
80
256
290
15
52
219
34
26
11
35
345
151
82
232
77
19
297
65
144
146
25
86
89
203
184
357
244
188
139
19
20
191
232
24
269
17
171
127
34
230
65
294
6
209
71
230
6
64
22
63
256
120
60
154
81
101
74
62
289
62
133
115
287
56
35
66
129
90
24
12
49
223
102
141
84
238
100
209
130
83
94
179
4
40
13
23
128
324
27
7
35
257
248
157
46
313
161
54
6
62
62
53
45
57
159
11
165
95
18
248
68
78
345
76
4
115
151
292
143
29
33
89
91
76
171
77
1
230
52
26
110
107
218
83
328
63
89
285
1
97
2
136
19
118
58
223
35
78
8
40
152
11
168
55
266
205
107
53
277
20
234
171
242
31
229
153
71
90
211
328
47
148
9
77
276
152
241
65
206
309
214
123
33
359
111
155
157
18
270
81
66
156
310
42
96
31
283
269
214
73
182
72
69
172
255
111
4
182
112
232
161
101
113
55
119
162
176
171
164
49
275
65
74
46
253
119
164
74
195
251
151
36
32
127
151
89
296
82
264
84
13
170
143
141
238
169
52
4
52
220
49
3
251
57
250
188
8
224
345
180
277
119
96
78
120
67
325
71
316
147
88
132
257
179
71
12
94
55
47
317
310
93
130
73
171
214
144
81
31
119
18
138
180
119
214
110
14
122
203
120
94
53
13
43
38
217
177
157
180
161
27
75
47
222
158
75
46
125
66
134
286
54
294
17
96
41
93
68
340
58
111
189
120
89
5
246
131
39
154
36
18
164
61
90
138
57
307
55
32
59
107
307
121
10
41
238
216
89
304
6
157
37
45
32
210
91
251
29
0
234
88
30
43
71
357
62
35
237
17
42
60
65
56
80
274
25
198
102
164
11
45
61
5
10
79
110
84
99
1
300
194
195
121
40
119
72
15
144
183
176
221
164
95
79
249
141
172
41
78
108
200
333
250
176
114
242
204
125
303
161
86
17
122
66
134
18
276
151
62
37
202
100
50
31
108
83
105
67
308
79
51
49
274
137
291
39
152
66
224
315
81
176
212
164
25
106
40
47
130
162
185
67
251
52
38
30
75
41
14
19
113
7
250
137
56
150
56
265
208
124
219
246
189
142
20
63
129
126
265
14
187
121
87
17
83
80
96
175
236
26
173
119
103
64
170
39
132
140
70
1
172
22
150
231
14
358
270
89
127
34
41
260
117
218
163
179
7
89
93
130
11
351
9
211
9
114
109
46
278
2
146
80
148
82
182
318
286
352
122
143
295
26
85
187
118
207
104
72
273
288
36
191
117
2
56
104
139
189
158
115
166
83
189
67
47
306
157
81
141
40
145
115
68
94
159
141
325
158
37
124
52
66
148
84
0
237
290
13
344
258
164
101
70
157
60
137
193
93
213
104
291
154
92
219
198
142
287
38
187
80
224
128
32
9
146
290
78
95
52
68
270
144
302
117
64
58
238
36
103
156
1
201
42
298
166
83
0
154
19
106
244
108
80
25
34
35
171
289
160
123
78
182
19
78
212
61
32
280
128
259
73
123
268
64
47
279
77
37
260
232
279
64
191
62
5
124
303
139
168
72
249
127
254
288
102
45
203
109
10
214
207
308
13
0
106
141
320
237
251
189
200
191
76
59
196
5
98
14
186
19
44
293
99
131
15
64
27
147
30
203
297
197
2
124
155
133
274
28
190
46
331
143
47
13
266
293
276
64
42
185
102
107
93
115
134
8
74
189
111
256
143
183
47
34
11
216
210
211
272
50
0
235
67
87
276
21
0
29
283
133
190
66
161
207
252
43
221
125
101
309
77
260
50
75
186
222
136
2
57
91
239
248
14
6
133
5
88
48
86
275
314
187
8
160
98
37
154
139
145
55
0
272
111
66
163
27
224
285
357
301
81
249
70
44
65
32
69
56
66
102
40
184
138
204
46
40
94
103
86
138
165
132
49
288
23
120
44
29
103
112
11
170
49
241
42
209
231
202
7
67
58
146
22
206
98
66
70
34
148
167
13
53
270
62
79
190
191
274
8
50
103
19
115
70
76
12
