22
19
11
46
47
18
24
23
15
22
43
16
23
8
49
41
42
3
11
28
31
8
17
20
46
24
19
10
35
21
0
14
49
19
7
2
10
25
44
13
21
42
16
4
21
6
7
5
43
2
37
17
47
22
15
43
0
10
10
17
20
36
10
15
50
45
1
17
5
2
45
9
22
20
7
14
15
6
39
10
3
31
1
7
26
21
53
26
20
5
23
12
13
27
9
21
3
12
31
4
39
7
15
28
32
33
21
10
11
8
0
7
19
16
1
7
9
2
29
19
14
3
9
7
19
0
1
41
6
21
18
0
6
1
24
21
13
26
9
21
12
12
19
17
14
41
28
12
10
33
23
14
2
35
2
27
12
28
31
6
5
18
15
8
28
20
18
22
3
15
15
2
8
9
11
2
10
33
9
24
25
33
7
5
5
2
8
1
7
10
41
6
24
38
21
34
13
5
17
23
3
20
28
59
19
22
11
27
47
29
19
29
50
10
42
12
26
35
7
5
48
6
4
0
10
10
6
10
23
29
27
46
12
35
20
13
26
13
19
15
13
28
35
7
3
5
8
28
41
2
5
3
36
20
33
29
5
11
31
15
2
16
45
3
11
13
20
0
17
1
8
14
7
1
31
24
9
21
18
26
40
19
45
1
10
27
39
3
24
4
12
2
2
14
26
24
17
32
11
12
3
7
47
42
30
38
40
10
9
28
32
6
29
9
18
29
18
9
41
43
54
12
49
27
32
9
30
18
22
24
8
8
5
37
22
31
2
14
19
0
18
12
14
4
3
27
5
14
7
1
12
15
9
17
4
41
2
26
39
17
40
34
18
21
8
21
46
5
13
3
7
39
13
16
54
7
18
27
13
18
28
14
5
6
4
25
7
11
41
0
9
24
15
16
4
32
19
39
5
30
18
30
22
22
8
7
32
19
36
3
39
19
43
37
45
30
13
20
15
33
34
8
13
17
32
23
16
2
5
16
22
42
4
24
25
7
22
17
21
48
13
4
37
24
40
22
2
43
10
2
14
33
12
36
2
32
11
30
41
16
2
31
41
14
41
7
17
12
3
22
37
9
12
26
14
1
10
31
10
26
13
17
7
46
27
0
12
0
18
20
23
7
8
13
26
0
43
12
13
13
