80
89
1
43
93
47
94
58
34
17
16
63
33
45
23
64
36
22
19
136
31
89
15
20
106
117
3
92
18
73
37
110
29
13
15
35
91
15
29
7
32
81
11
14
2
62
58
106
45
23
5
1
101
57
111
19
5
20
30
40
36
47
44
84
94
28
137
34
3
97
54
73
29
89
48
4
26
45
41
22
60
3
64
5
63
0
76
12
36
24
29
44
7
19
1
20
21
13
11
5
42
104
21
42
67
15
36
0
90
69
94
68
79
28
33
71
87
115
73
20
42
137
33
99
16
32
105
104
87
1
20
80
79
32
36
13
12
17
69
66
5
75
69
30
38
94
55
50
39
2
46
99
5
16
58
93
101
4
5
22
0
79
94
120
23
2
119
27
46
64
40
71
2
24
23
2
94
65
105
116
100
53
40
3
45
82
115
27
9
4
91
15
7
94
5
91
57
137
69
33
17
56
0
61
7
68
52
4
83
48
14
1
9
38
57
16
114
42
95
4
4
75
68
35
53
76
6
101
78
105
24
86
21
41
20
74
76
10
68
93
48
110
13
10
2
78
27
29
44
9
13
12
105
98
21
55
80
86
16
33
22
108
14
28
5
5
65
25
40
95
63
67
34
101
10
115
31
101
64
8
102
52
70
76
25
65
87
64
70
122
8
52
10
12
63
48
79
6
16
60
62
61
73
20
75
112
14
54
66
117
37
51
45
108
67
105
77
66
95
0
7
27
55
12
45
0
0
128
6
49
3
87
7
32
49
16
86
75
64
100
34
33
104
52
29
101
5
81
1
5
43
117
41
116
76
68
22
3
84
55
28
46
12
38
8
105
50
114
77
19
15
12
122
24
68
55
20
17
62
20
21
29
105
21
50
113
27
20
63
73
77
13
85
73
19
71
42
49
5
12
55
53
28
3
12
88
23
14
21
0
2
81
43
87
36
4
12
30
43
1
52
95
6
32
19
64
28
12
9
52
19
36
32
82
87
86
1
25
121
30
35
78
56
96
75
114
22
30
62
27
57
6
82
35
79
17
76
23
48
19
79
105
42
6
33
47
23
80
2
26
2
2
24
92
16
70
21
72
81
8
75
32
95
101
83
10
74
69
13
38
41
42
79
46
91
84
95
4
105
0
32
7
97
113
66
108
20
5
25
27
122
5
126
82
136
81
35
69
77
51
10
109
53
25
31
54
60
31
93
69
76
67
23
54
5
118
103
2
1
98
94
19
0
9
45
72
53
61
31
23
11
17
0
24
55
3
10
4
19
6
51
19
75
92
108
14
18
4
19
7
105
71
50
93
110
58
45
18
47
36
48
98
39
15
17
14
60
81
73
60
96
42
2
58
26
25
53
61
74
8
42
91
33
33
14
86
32
36
69
49
75
86
1
68
15
10
55
11
25
114
35
10
35
102
23
14
40
14
5
14
6
65
31
10
3
34
24
90
0
125
10
16
49
23
41
19
26
81
76
97
109
4
20
19
56
41
89
4
40
19
9
28
42
3
52
99
94
34
109
16
2
11
65
32
106
34
65
69
49
116
116
32
50
16
28
35
121
12
26
88
32
16
115
90
112
27
41
80
81
45
29
14
73
8
12
44
20
70
10
71
29
36
19
46
2
7
18
80
1
22
28
48
3
24
51
12
18
75
21
64
9
74
51
41
17
38
133
57
37
38
18
98
50
32
28
94
94
29
112
19
101
3
4
36
90
30
60
127
79
11
32
13
5
12
8
51
31
32
33
36
101
1
36
24
32
16
39
14
12
15
20
9
14
82
92
86
2
56
117
19
124
77
9
6
72
47
28
72
73
9
41
93
25
18
57
68
19
45
44
11
23
113
42
22
30
67
88
39
83
98
105
21
16
53
47
49
14
82
18
18
32
139
92
2
16
10
39
90
63
7
59
83
33
11
5
28
13
18
8
53
40
4
60
89
80
39
41
55
24
64
95
38
97
63
69
25
2
31
14
58
31
32
31
55
79
52
105
16
102
41
56
14
5
53
113
24
54
0
24
9
23
78
4
8
1
4
23
23
20
60
30
24
41
18
123
99
77
35
10
85
102
82
33
73
86
60
16
19
16
2
54
10
44
40
14
50
45
36
12
109
88
52
58
58
53
44
16
2
42
8
6
78
25
111
23
13
81
47
6
108
58
29
92
33
16
69
37
6
71
86
115
97
26
32
53
137
48
21
103
31
55
92
25
113
134
14
33
20
20
18
14
70
34
77
10
25
16
14
60
82
5
96
19
32
20
18
63
72
3
15
