14
79
1
31
11
60
29
21
20
12
18
46
82
80
2
86
61
36
8
7
62
16
14
2
68
24
60
31
56
36
104
49
58
30
10
7
29
19
58
38
98
31
16
85
30
37
24
95
100
2
51
59
24
58
24
40
30
97
15
14
19
44
5
16
11
75
45
76
73
5
7
93
42
71
21
10
26
0
26
55
59
25
22
70
56
76
38
83
76
31
72
8
8
26
2
8
62
84
38
9
25
30
19
79
5
71
97
74
48
28
47
30
47
64
94
20
0
14
21
3
28
82
46
51
21
5
34
65
2
12
59
25
8
11
33
22
79
43
10
9
60
35
76
89
81
22
80
74
17
58
21
68
58
52
34
75
14
8
15
41
32
90
9
8
68
3
23
3
31
75
75
17
53
25
7
62
22
34
1
64
11
20
30
1
28
27
17
9
15
18
30
31
34
12
1
10
11
44
18
104
68
94
42
56
76
9
94
56
60
47
25
32
42
102
60
24
39
0
63
3
42
7
23
15
63
39
10
64
12
15
86
36
83
61
31
57
19
89
64
67
36
41
72
29
70
74
40
26
11
40
26
17
4
20
0
31
46
21
36
38
20
30
64
17
35
87
19
18
66
95
86
2
78
63
6
23
67
70
82
81
43
30
42
93
11
78
46
59
61
3
20
83
14
18
4
59
50
71
60
60
60
1
63
71
65
11
95
32
44
30
44
23
75
51
91
65
35
30
66
3
57
68
49
14
71
40
15
17
24
92
15
87
8
29
72
73
4
14
79
17
11
77
9
37
7
4
1
45
30
76
85
9
50
26
84
4
84
52
0
34
35
25
0
55
37
9
13
8
8
18
86
21
66
94
21
74
89
1
2
84
54
18
69
9
37
64
15
62
16
44
11
8
4
21
39
13
74
9
6
21
8
75
80
16
14
36
68
71
8
62
85
68
70
3
3
75
27
1
3
83
48
58
21
57
46
26
67
26
65
75
65
50
14
89
67
79
35
55
5
46
16
92
18
5
13
49
58
11
44
59
59
11
24
84
0
43
23
84
17
12
43
82
94
89
5
26
84
65
72
23
30
44
18
3
81
48
32
89
58
32
21
3
25
16
2
47
82
44
58
23
5
70
9
11
30
27
5
64
15
90
57
6
73
6
73
21
4
31
31
22
50
14
21
77
20
13
24
54
62
57
94
70
79
31
43
5
92
13
32
8
4
9
1
13
69
6
50
4
83
61
73
9
18
20
43
19
45
5
38
78
40
83
101
89
39
33
52
27
75
9
35
72
4
59
1
14
69
74
103
2
9
0
15
58
1
20
69
89
61
39
32
36
38
75
50
92
47
53
65
49
20
67
17
1
49
52
22
14
68
9
48
14
19
97
24
53
42
45
2
81
16
12
12
25
4
9
82
12
57
16
24
27
28
62
83
24
1
87
56
9
10
51
11
12
19
32
8
26
13
12
17
11
93
77
33
39
19
80
33
88
16
2
5
14
93
4
56
30
72
25
24
24
38
7
76
78
82
7
76
19
53
