747 724
406 888
987 346
768 128
732 954
726 178
850 453
748 831
456 167
946 558
331 167
580 622
143 120
516 930
989 561
406 323
420 197
433 945
759 727
715 820
357 891
988 353
816 329
962 162
314 624
808 766
195 785
611 142
702 590
982 866
483 204
945 270
311 917
982 968
175 484
164 525
242 989
124 604
552 756
491 522
312 258
210 148
644 520
220 408
637 556
712 994
594 971
611 234
660 538
876 352
783 186
959 802
466 362
972 307
474 246
957 304
684 730
715 493
149 889
469 437
408 412
747 847
698 285
898 944
130 975
448 993
634 777
388 511
152 527
252 244
683 390
928 485
382 277
466 590
957 923
592 379
650 800
119 425
360 736
953 984
234 375
329 701
532 920
427 622
800 967
968 895
207 558
466 557
540 901
812 734
616 536
848 693
509 797
961 397
662 712
515 814
258 960
192 329
701 238
173 884
193 609
513 358
323 716
868 447
115 841
447 403
716 571
214 473
264 400
633 652
420 345
908 756
915 294
147 948
586 436
517 783
881 594
520 889
113 382
742 670
211 380
255 236
178 760
947 399
820 582
480 873
578 246
216 543
457 990
480 131
265 588
919 320
246 429
196 857
814 880
345 379
519 307
827 475
838 540
585 637
504 720
405 628
204 275
840 599
827 280
119 779
234 417
842 611
119 765
329 873
329 839
279 924
485 180
535 673
844 118
974 381
856 405
918 288
547 303
630 586
165 458
987 871
369 413
834 940
699 318
427 271
127 507
561 162
103 700
515 269
230 406
283 654
916 977
884 945
282 512
773 651
601 985
432 350
412 540
840 899
422 802
423 935
515 384
188 309
763 759
569 906
677 433
538 455
995 769
224 623
294 873
867 742
992 912
828 818
376 290
311 412
449 977
952 948
647 960
528 743
597 215
422 456
889 563
318 626
109 763
759 248
169 624
747 113
787 181
523 627
481 269
749 945
815 904
127 780
637 641
672 892
715 889
417 479
447 391
589 336
827 619
895 460
829 869
777 317
457 934
929 379
231 179
900 805
515 429
644 224
514 786
102 304
513 189
424 104
360 626
249 660
295 932
703 725
128 234
690 294
793 766
650 107
248 342
707 430
615 409
598 797
331 190
459 571
525 217
105 864
636 473
796 484
100 228
165 307
739 434
847 207
743 715
312 714
361 739
486 216
106 253
293 963
389 201
834 595
196 823
198 138
537 467
123 600
422 532
886 391
261 268
333 607
729 771
472 856
580 805
296 748
587 961
306 614
647 618
122 190
627 943
633 193
245 952
421 833
672 240
462 236
353 561
358 675
519 805
101 639
921 651
460 424
185 824
272 693
901 296
520 561
593 724
206 116
469 372
204 849
257 649
388 125
303 215
271 458
335 477
626 963
368 832
195 558
308 174
468 893
339 385
893 285
341 440
516 275
837 854
731 330
304 739
337 803
311 424
500 289
516 840
597 517
109 638
926 749
844 526
875 656
788 311
994 596
714 221
919 101
885 881
227 138
914 232
285 872
956 672
995 493
506 306
423 296
472 545
747 488
804 328
674 884
479 995
594 707
637 512
540 776
443 884
393 816
161 403
413 118
475 539
196 221
168 236
595 486
177 321
196 685
942 449
539 820
897 149
468 969
425 846
795 816
854 342
835 684
474 251
486 672
544 928
505 261
727 786
501 670
182 636
164 672
501 995
324 875
206 559
126 894
627 554
703 772
660 466
387 518
830 929
869 540
746 894
650 725
646 250
970 345
766 739
193 647
437 766
635 466
268 934
615 466
325 980
995 726
731 320
163 756
461 495
181 112
634 182
338 178
763 118
900 827
796 510
446 392
692 237
998 783
427 473
216 973
477 264
316 1000
454 279
903 661
772 668
713 542
238 649
751 202
991 336
533 668
480 623
704 376
143 721
315 295
390 540
439 398
839 172
302 298
444 315
422 307
723 341
861 485
901 549
139 733
810 162
298 966
792 913
949 316
326 748
635 716
370 109
461 323
181 187
792 221
867 321
155 221
913 674
685 669
460 991
325 618
963 524
521 125
915 432
576 828
851 622
549 496
768 207
140 464
234 177
743 684
235 834
128 269
701 246
806 608
495 995
207 753
609 322
254 506
707 997
603 417
366 668
484 135
740 806
535 640
608 675
770 715
541 335
324 321
598 594
396 258
614 240
514 153
927 791
478 540
369 738
185 136
769 455
174 693
566 634
953 458
260 710
846 590
856 856
186 607
776 959
420 160
450 171
987 588
464 667
233 441
818 744
823 705
583 982
454 688
961 934
816 818
223 161
363 341
699 613
700 632
357 594
148 794
362 484
324 827
514 249
158 666
931 397
757 139
627 480
294 784
342 359
1000 507
756 893
313 233
371 783
929 824
223 547
127 694
725 131
720 358
627 864
122 227
695 658
519 678
366 962
449 239
976 210
468 411
966 692
399 918
482 773
690 597
739 589
852 483
126 706
731 138
453 534
478 510
270 875
384 486
543 152
107 753
617 107
856 364
952 748
127 855
263 980
224 398
402 278
962 133
979 683
728 625
568 662
173 619
620 907
233 230
189 163
730 287
765 747
536 173
695 982
392 817
834 403
388 245
865 936
249 875
956 571
126 356
411 959
824 469
471 164
656 481
878 371
704 732
984 589
258 107
617 615
892 918
804 499
192 417
395 475
425 968
250 382
808 363
140 562
229 974
127 843
851 521
992 566
243 629
973 922
695 275
886 914
342 774
552 953
900 572
384 386
938 398
333 246
294 315
810 773
376 286
399 248
314 890
953 852
466 591
561 240
159 553
214 235
101 490
338 734
443 635
471 687
484 270
591 855
838 872
830 754
650 734
529 306
922 397
222 198
136 722
485 940
581 399
985 638
312 400
871 694
173 666
562 871
861 721
392 670
432 760
456 903
539 687
465 110
199 504
903 136
805 606
249 588
847 278
545 407
709 472
920 149
639 795
989 745
601 959
462 575
915 153
965 312
963 546
211 449
740 106
943 749
307 820
580 867
117 470
739 134
504 915
983 340
980 669
664 817
782 858
209 989
993 416
243 279
629 940
541 858
878 489
901 242
120 718
727 777
628 277
794 357
263 442
717 979
220 770
829 121
300 203
777 907
867 162
327 455
516 330
224 398
799 398
590 726
128 327
826 693
318 768
778 299
556 232
459 999
350 659
370 630
115 882
951 478
969 183
142 987
795 290
985 100
625 993
724 139
253 314
369 782
139 360
872 336
422 827
903 700
166 870
167 649
990 485
392 777
875 144
697 203
624 769
791 713
457 639
207 356
749 883
556 134
664 995
869 497
784 209
384 731
195 693
945 491
390 367
258 735
728 964
128 447
896 684
962 309
267 290
495 200
784 223
423 649
775 692
765 551
610 950
487 616
695 110
