571 237
637 577
176 318
601 671
877 796
413 896
465 896
232 552
826 513
635 718
102 968
930 784
446 307
755 415
880 582
377 645
983 346
944 404
304 341
818 905
269 999
218 470
702 289
545 876
327 307
874 483
870 710
235 440
230 330
250 418
803 829
984 972
234 298
569 240
460 503
559 421
637 964
100 189
550 735
227 997
664 903
293 143
889 625
951 1000
942 166
201 426
363 245
881 997
205 902
240 173
802 419
963 332
456 412
973 409
482 548
403 894
501 566
130 732
318 160
628 418
166 806
562 709
910 804
426 553
945 889
568 275
699 581
740 657
939 938
574 866
518 424
742 656
137 520
336 490
123 189
580 492
194 805
604 550
280 206
137 731
441 836
876 719
620 566
558 648
438 901
481 451
951 678
716 576
598 583
209 965
538 371
213 513
635 439
974 576
776 201
720 797
824 676
213 428
576 858
186 566
257 470
679 170
309 597
958 838
804 391
965 750
353 267
705 376
268 662
392 561
336 131
314 168
840 751
357 971
154 571
237 174
402 312
780 669
189 655
560 944
671 958
216 251
469 981
547 201
611 975
522 902
737 773
781 107
490 785
330 412
248 819
790 328
808 205
399 360
958 655
631 695
186 205
335 581
762 243
126 331
903 982
379 653
377 274
200 413
228 689
376 239
440 972
172 691
968 436
902 851
960 794
790 666
501 231
274 204
220 183
443 498
625 775
646 123
292 768
253 743
746 700
131 560
632 802
417 185
466 317
766 895
455 337
130 874
411 252
653 529
327 252
132 575
102 166
456 396
813 785
503 143
604 852
291 851
970 943
998 795
574 178
483 498
797 505
993 938
256 278
726 890
598 844
236 820
350 994
168 576
478 146
659 993
526 513
982 386
120 273
217 126
845 633
355 341
386 236
827 148
185 900
170 617
201 274
796 368
688 172
194 350
842 831
570 746
342 1000
297 948
768 356
472 321
500 882
754 195
966 843
383 806
962 554
136 364
795 895
325 257
692 920
618 974
303 585
905 234
979 185
925 958
738 746
665 122
270 541
390 444
520 176
821 340
886 392
296 960
142 291
780 287
603 182
161 794
624 933
580 665
648 936
250 331
238 508
437 997
791 612
668 632
908 815
852 949
536 659
717 167
206 850
290 235
246 846
476 300
635 453
237 124
467 443
190 460
170 931
961 453
609 802
189 136
862 621
254 271
223 359
944 235
813 466
463 374
278 266
705 132
660 567
204 376
732 329
933 277
399 338
526 783
513 519
934 127
233 538
891 243
955 647
544 829
894 865
556 352
188 627
240 581
674 219
433 508
168 949
837 282
571 454
182 865
491 861
448 606
699 391
736 810
495 825
496 294
992 698
151 757
381 155
493 594
261 135
130 403
346 379
255 283
203 428
977 197
551 186
571 811
206 600
489 442
733 726
242 994
480 948
899 774
174 995
620 241
529 843
176 425
634 731
127 321
555 195
575 472
907 383
440 409
311 728
922 131
566 925
411 770
133 856
880 537
679 658
972 861
692 847
221 502
151 283
396 668
518 729
358 886
922 112
454 574
550 283
281 963
824 716
514 352
289 119
901 576
619 830
494 931
654 645
593 592
657 379
811 547
247 819
442 127
835 658
444 431
535 242
700 438
627 234
787 709
319 715
345 672
694 838
149 938
344 570
438 140
359 869
482 613
175 557
373 806
459 412
667 643
890 512
493 377
208 526
358 718
353 762
208 444
450 136
177 342
590 708
776 602
827 356
255 251
200 547
872 290
862 468
529 439
241 122
853 843
480 907
572 435
714 459
218 445
134 203
964 501
305 843
277 995
353 502
272 754
859 908
153 326
240 441
226 733
624 726
143 455
688 475
781 676
269 458
589 697
400 317
431 117
497 362
513 485
168 378
947 848
973 234
209 183
962 892
573 964
514 281
401 335
641 545
984 337
225 778
992 677
346 218
639 380
119 344
407 377
142 330
635 692
533 860
875 286
873 137
734 356
468 677
501 317
788 788
228 412
501 450
607 920
148 400
101 622
427 991
968 120
980 895
770 264
663 234
403 495
274 392
945 719
844 215
794 639
650 622
862 285
986 785
746 335
187 632
220 670
705 667
798 747
324 624
180 205
545 970
936 355
251 303
512 977
508 860
572 524
189 346
180 172
727 423
393 265
484 524
175 166
870 878
351 484
200 951
289 852
173 499
983 661
460 365
633 315
113 508
965 949
867 676
431 792
930 106
944 877
881 170
344 977
478 834
343 821
682 905
114 495
174 361
915 968
119 241
987 288
157 497
234 733
153 364
909 576
362 856
837 717
383 247
284 163
808 285
257 802
472 939
346 986
738 298
576 449
494 799
492 163
921 607
361 835
922 204
399 151
417 276
914 952
194 458
158 430
653 758
963 956
408 496
112 243
503 465
738 461
738 750
160 816
509 868
972 281
191 287
968 648
395 479
921 191
848 276
531 194
325 241
418 147
655 211
942 420
485 881
310 229
123 205
886 323
833 734
653 467
521 119
130 809
513 682
414 618
843 220
249 134
900 743
198 769
163 622
443 938
404 626
261 860
697 363
171 972
807 158
694 629
636 608
126 116
666 749
987 876
