789 110
964 386
796 877
151 548
680 912
709 296
596 327
244 152
916 761
340 993
758 694
694 263
214 617
108 984
788 352
181 430
954 445
340 692
788 571
584 734
639 512
286 736
150 579
975 448
748 115
100 220
775 434
883 824
359 816
175 667
617 831
425 681
731 427
785 847
284 919
306 658
458 527
840 883
567 470
912 495
299 867
136 867
651 926
601 682
986 633
375 775
719 492
383 893
978 635
202 659
499 379
901 893
572 503
320 975
800 561
323 401
528 155
653 717
535 869
505 676
658 322
604 302
449 174
815 427
294 539
601 699
235 993
260 739
900 782
371 921
467 754
562 208
968 784
631 788
440 131
564 941
163 468
939 493
132 575
990 305
892 624
345 196
738 833
674 949
610 693
366 119
696 369
411 990
244 593
877 621
346 566
879 930
318 385
850 974
340 723
421 988
792 726
151 245
671 589
274 671
179 802
686 634
955 738
585 494
168 787
596 314
811 515
670 623
660 948
256 820
105 302
624 363
938 447
545 334
533 838
577 486
579 708
447 589
107 616
970 977
265 245
676 875
667 647
622 190
702 225
687 611
797 440
662 511
678 113
166 861
857 548
606 219
925 146
815 112
461 774
605 128
636 824
924 455
353 316
198 847
774 312
498 517
344 630
406 103
833 567
332 970
876 451
140 409
499 444
852 708
953 197
532 144
609 342
102 332
242 679
424 364
623 423
865 764
128 569
407 125
149 583
545 675
257 588
164 652
747 910
465 513
690 694
821 117
890 782
339 759
197 307
344 993
564 255
274 924
785 590
604 972
791 592
364 881
471 869
248 200
619 427
302 175
891 659
163 751
775 650
220 923
404 316
706 226
297 617
333 119
249 601
460 330
887 220
769 199
574 701
742 240
942 939
183 570
172 422
586 944
346 387
658 536
413 110
430 627
488 110
404 811
473 181
340 564
120 339
374 498
106 263
217 915
371 708
148 804
292 606
274 879
510 328
955 192
573 364
793 519
305 270
442 777
640 410
780 856
797 484
108 912
342 325
756 603
820 333
362 844
494 993
718 863
966 758
350 237
307 928
150 807
334 383
601 761
745 942
928 334
981 714
309 158
213 259
473 713
793 699
738 645
486 753
497 935
837 874
136 416
375 411
110 671
785 198
692 817
321 908
955 886
438 695
260 384
443 981
694 110
514 358
890 383
558 572
410 883
211 223
622 245
828 775
658 171
952 500
282 748
627 350
743 771
244 849
981 937
963 419
259 806
649 430
479 476
936 567
361 546
582 444
975 567
859 188
328 781
590 125
787 677
830 290
394 638
337 381
669 109
306 420
654 782
303 657
896 743
113 918
515 813
634 342
880 901
500 485
268 312
566 343
176 451
799 289
105 391
973 157
568 278
892 517
421 797
336 367
749 149
593 151
995 633
888 586
244 873
848 896
560 306
422 975
245 418
457 254
999 910
343 959
786 166
623 740
187 930
511 509
207 906
789 904
949 515
602 510
127 986
646 915
809 703
135 501
380 486
825 756
931 976
793 981
281 293
846 940
760 670
369 586
124 357
798 309
794 215
352 651
117 247
501 888
915 692
689 654
717 956
463 943
767 815
789 425
889 154
968 410
164 233
932 413
291 577
473 745
473 235
443 681
702 466
321 979
324 604
871 573
507 794
897 157
328 614
854 750
842 945
1000 706
645 551
621 494
339 703
587 582
843 585
155 814
707 955
800 871
565 713
468 249
624 400
780 884
117 597
985 557
503 342
505 976
658 296
729 578
493 429
429 351
449 999
953 999
724 529
351 795
963 872
599 578
466 372
584 115
267 747
214 175
553 235
195 524
688 375
838 101
800 684
691 729
481 928
934 433
359 436
443 268
322 722
375 788
998 455
228 333
287 189
659 858
288 447
484 755
985 565
658 104
989 174
892 696
182 232
683 992
612 283
160 293
330 962
475 510
571 737
808 902
759 126
144 234
449 988
660 268
112 506
217 952
481 378
351 913
571 139
427 458
224 490
608 450
812 975
531 816
997 116
637 437
100 449
789 339
145 652
782 702
687 829
729 626
643 440
712 605
881 695
347 257
467 590
378 891
182 951
716 218
938 448
498 600
229 871
553 488
801 901
136 906
368 901
443 230
333 975
166 351
552 691
746 309
504 164
952 668
777 904
252 993
129 253
990 766
967 291
365 330
200 851
842 827
595 654
942 147
445 219
920 995
562 177
196 680
493 301
487 603
270 581
544 571
871 111
128 264
805 488
341 657
358 695
113 353
374 307
915 897
629 839
458 828
696 308
720 361
884 531
167 686
848 920
528 480
564 878
188 893
459 724
847 211
359 279
633 483
662 521
555 469
129 244
303 889
696 252
134 436
729 542
664 640
341 930
458 537
661 262
779 270
852 234
575 190
667 194
778 658
902 394
626 537
115 718
565 862
313 309
532 685
971 472
631 944
303 738
826 445
929 738
432 550
710 845
231 551
504 444
178 120
590 261
989 709
358 532
841 226
666 638
795 515
103 947
358 993
215 905
735 909
530 407
140 466
365 146
899 122
484 463
259 738
571 996
498 453
188 243
181 419
251 749
268 184
165 166
629 588
115 868
142 186
543 243
374 311
102 149
598 926
790 532
348 124
281 132
981 641
147 682
402 517
950 133
253 196
567 636
379 603
963 597
981 526
263 517
742 587
122 972
993 422
940 511
496 752
497 156
379 146
364 910
870 443
583 625
746 130
835 684
983 345
453 768
552 546
786 877
126 133
650 755
779 341
269 330
835 515
676 516
858 859
482 898
884 998
465 377
125 681
979 816
132 228
266 312
155 600
850 781
361 745
432 347
827 511
546 767
235 668
289 690
786 857
525 865
582 933
696 388
360 688
602 706
292 751
246 444
546 449
570 275
398 344
819 783
588 665
827 959
550 521
697 222
263 111
942 410
540 798
588 801
208 747
846 883
510 510
614 760
439 733
538 752
579 228
861 298
101 643
954 358
974 987
761 796
263 892
609 986
986 832
808 861
605 924
600 638
892 706
328 750
275 929
475 435
466 974
882 397
778 497
882 341
115 778
903 663
693 127
279 529
557 778
387 342
312 799
260 593
662 573
460 293
302 669
539 406
692 329
149 315
692 805
491 563
962 554
371 873
646 247
983 500
198 146
400 492
603 983
847 740
406 543
202 899
165 337
825 421
361 642
837 890
410 973
344 949
254 405
107 442
548 588
579 480
569 241
257 377
184 995
845 886
519 824
893 383
290 827
306 930
326 981
759 703
439 151
834 123
705 777
569 272
929 934
112 504
604 582
211 420
482 688
166 279
495 919
871 924
158 959
593 316
889 825
840 764
561 938
315 350
425 492
275 544
336 494
203 592
514 669
995 897
256 888
679 202
997 102
627 568
673 801
772 598
960 911
214 734
740 924
446 342
269 373
902 996
291 491
264 638
890 214
577 121
355 878
619 400
360 573
897 875
467 940
612 810
529 461
419 187
656 496
842 440
836 314
292 257
845 529
641 890
327 303
755 854
849 399
338 203
395 699
451 951
280 466
894 812
634 292
720 419
904 229
709 867
156 664
519 737
348 411
150 947
