1000 410
486 626
421 734
460 446
464 595
496 125
414 181
469 443
496 723
421 449
466 859
463 628
419 135
421 941
468 409
447 894
469 645
454 493
413 179
440 893
497 579
444 691
487 769
488 786
446 878
410 545
421 662
490 731
402 762
478 868
438 386
409 591
446 268
477 350
460 363
471 134
430 498
426 648
469 161
483 458
452 290
411 550
479 424
463 894
400 482
417 137
494 363
422 443
487 809
408 247
489 598
461 423
430 613
472 972
407 739
493 347
415 360
471 882
422 210
487 346
492 724
465 379
401 627
414 344
412 695
406 367
409 827
496 633
449 200
437 731
458 120
448 474
417 234
432 243
500 604
404 715
467 345
449 814
458 292
477 192
422 451
486 914
491 699
465 675
414 921
496 894
461 270
493 575
444 619
421 863
441 704
418 520
438 898
478 167
485 956
460 233
439 503
465 644
500 986
471 351
493 845
472 697
419 619
459 535
405 108
443 726
412 507
480 368
424 158
400 733
414 601
428 399
494 114
417 315
472 705
494 467
461 416
453 172
405 820
475 705
488 267
417 785
455 302
401 112
436 966
484 702
443 126
412 256
443 513
442 889
445 675
400 985
410 561
446 374
468 238
500 697
422 631
417 365
458 449
444 776
483 466
463 724
460 926
492 774
456 205
418 725
492 405
463 595
499 835
454 911
426 502
419 735
438 458
455 765
423 339
500 487
484 445
450 964
410 596
499 807
425 628
409 709
452 897
424 627
428 444
409 362
421 980
461 379
468 839
426 768
421 887
478 865
408 639
491 631
464 634
410 781
413 170
438 506
468 412
446 678
445 340
407 312
432 305
463 362
460 945
456 250
467 827
481 380
400 477
464 572
456 331
410 344
414 188
451 800
473 319
421 495
453 157
443 646
433 534
448 377
481 526
414 130
455 368
474 940
481 463
425 746
419 593
429 388
500 511
421 108
467 966
484 697
491 971
461 976
425 457
461 377
473 494
486 294
400 578
490 389
408 171
447 500
467 480
425 917
468 132
415 527
417 554
441 386
466 300
497 679
470 974
494 123
457 566
450 263
411 964
477 341
448 754
407 329
477 994
441 986
477 633
457 758
406 910
482 104
455 992
458 532
427 469
428 317
479 551
417 428
416 199
450 553
454 393
407 388
428 195
448 547
491 104
478 907
454 132
426 709
450 722
489 999
423 210
411 804
495 712
455 336
478 779
451 989
449 991
433 814
442 189
403 175
483 261
482 251
470 525
421 192
418 328
472 108
484 809
462 429
434 123
435 936
454 202
482 344
490 873
493 273
478 304
492 192
492 311
459 970
472 165
500 178
417 698
403 684
462 954
447 201
424 637
415 216
427 325
429 934
449 517
461 307
432 161
412 482
496 626
448 134
488 268
467 309
492 797
494 551
433 562
438 580
450 985
469 236
464 176
462 119
480 910
479 747
417 429
426 727
437 833
438 460
432 676
470 243
450 933
413 326
407 188
475 778
481 229
407 972
421 445
477 525
439 533
432 207
440 176
460 393
496 237
466 728
401 478
452 137
468 874
483 731
496 538
422 353
476 436
480 489
476 137
485 238
467 632
406 461
497 921
468 742
499 368
438 664
422 122
459 101
414 840
452 668
473 121
456 762
446 788
401 459
406 666
426 586
405 997
471 827
487 767
436 738
409 575
477 207
411 963
448 218
438 949
406 619
421 832
488 968
439 181
451 258
435 532
414 479
404 672
430 800
475 269
434 310
402 657
464 946
470 944
423 121
405 596
440 728
400 599
470 328
483 681
446 365
445 532
434 781
456 661
463 717
497 461
408 370
491 240
402 834
458 636
408 195
423 854
478 668
468 405
484 358
401 629
431 998
487 611
464 840
439 229
478 563
432 692
496 449
489 815
413 825
474 558
478 152
450 583
478 159
406 842
493 781
463 561
464 196
436 783
406 384
478 854
440 964
415 137
488 669
441 1000
489 124
426 479
446 837
438 310
500 143
479 736
498 331
468 881
430 647
400 878
466 577
456 866
433 167
492 255
419 493
449 876
421 710
400 698
402 615
492 669
403 511
495 863
474 544
478 518
417 168
459 354
417 889
455 712
472 382
472 616
451 726
455 335
471 545
400 877
484 956
459 675
437 192
434 837
497 146
446 992
485 330
441 633
449 202
476 939
446 953
447 619
415 722
469 389
403 888
471 342
401 342
487 580
499 419
493 672
482 497
471 974
476 964
468 307
454 768
413 702
448 640
500 710
478 662
443 971
478 201
408 474
418 972
456 276
495 178
407 699
443 651
404 907
412 316
485 757
409 317
435 342
400 192
499 169
428 407
401 899
489 176
467 121
478 361
418 716
483 938
480 260
406 630
414 418
438 358
413 101
424 357
486 988
413 272
415 891
402 388
494 208
409 418
430 258
477 273
487 241
489 211
421 521
499 255
480 522
460 608
471 834
490 238
447 866
471 805
427 304
407 642
485 338
428 187
421 181
419 786
412 731
402 782
465 321
466 618
454 549
471 241
444 322
431 240
475 669
417 726
484 466
441 642
431 721
425 870
491 155
498 530
415 809
448 296
421 237
487 436
436 670
455 823
458 184
480 690
449 738
402 181
477 146
495 865
428 448
419 856
409 483
491 993
491 443
438 461
411 105
492 693
414 963
448 118
466 570
421 550
493 240
409 347
436 837
461 100
444 343
492 972
457 438
429 959
499 327
405 963
415 587
425 749
472 256
403 115
475 571
458 227
473 857
477 102
492 365
457 964
482 315
456 283
468 390
496 321
406 193
456 734
400 561
408 899
406 878
450 594
418 376
436 383
450 300
444 1000
440 109
408 553
428 842
422 825
450 897
439 757
435 702
456 901
468 376
461 948
468 261
454 698
422 195
430 548
490 819
412 840
478 369
459 554
455 388
458 880
414 311
492 753
492 980
456 235
443 400
438 604
456 206
419 654
498 191
446 193
460 403
461 939
421 756
498 838
486 582
423 410
472 726
419 338
498 177
452 442
410 862
477 857
423 938
474 501
466 548
436 397
463 936
444 578
492 678
495 998
477 824
426 621
436 683
467 523
488 710
430 104
471 988
437 718
412 370
494 736
443 609
446 565
490 471
459 677
452 426
439 844
462 364
445 574
467 926
421 975
441 164
409 412
466 357
444 568
482 879
487 252
489 353
451 702
428 945
456 920
449 293
436 151
492 857
431 494
490 553
487 209
493 390
460 850
457 312
401 914
453 480
455 529
449 330
475 904
499 894
490 576
412 181
472 909
420 956
435 513
411 886
452 898
468 500
470 134
442 651
431 786
454 264
500 868
471 421
485 800
414 795
455 244
441 949
455 897
477 943
424 882
429 956
454 304
407 610
422 637
414 398
476 767
409 100
485 254
429 437
463 399
414 868
414 177
437 654
420 197
459 622
468 876
479 984
473 132
453 746
444 788
470 258
438 923
473 374
422 362
422 605
403 405
440 343
428 575
492 125
478 524
439 596
476 241
414 128
439 916
410 106
413 794
465 417
473 715
479 235
415 208
432 338
498 836
493 586
478 663
422 996
479 684
496 786
472 967
447 775
495 452
490 878
438 981
460 374
490 647
475 244
496 950
412 422
413 264
425 157
429 105
433 867
485 761
410 897
419 822
440 771
455 563
417 655
450 324
416 313
465 330
464 410
440 526
434 269
462 156
492 984
432 111
447 975
439 386
461 719
493 300
440 940
496 380
438 917
447 509
453 548
431 132
489 185
443 137
478 189
477 501
478 199
472 652
400 964
428 605
427 869
438 912
445 913
437 784
439 566
494 285
494 291
479 209
441 874
437 140
458 769
411 960
425 545
408 204
453 506
437 144
483 451
452 587
439 716
492 719
400 698
441 460
498 621
417 280
406 274
401 310
433 144
433 135
403 324
445 700
448 868
453 802
416 192
452 613
494 461
430 821
483 799
442 875
414 902
446 230
446 895
450 806
488 187
441 438
429 793
470 211
412 604
467 304
463 586
400 248
446 327
451 535
423 595
451 927
400 601
440 993
435 384
459 470
401 591
454 112
484 881
419 799
438 812
438 709
415 770
450 842
485 190
490 237
407 567
467 970
401 239
455 800
439 174
457 514
467 571
459 698
459 760
408 321
461 375
409 911
434 369
471 455
414 695
431 421
491 967
456 715
427 868
498 875
473 315
469 246
425 594
492 375
440 849
444 705
424 799
442 282
489 184
460 757
485 313
474 619
482 281
483 225
413 188
415 955
447 507
463 439
439 818
472 490
489 536
462 115
474 681
456 127
445 125
402 441
447 760
484 352
459 277
475 737
416 729
474 955
475 588
402 753
481 352
453 214
493 697
492 928
470 798
438 474
410 452
496 409
472 887
464 698
415 418
411 603
438 314
430 146
466 404
459 715
402 769
495 455
430 676
417 854
494 315
436 627
435 837
401 489
440 606
446 271
410 594
433 576
433 190
427 275
484 633
422 768
434 686
407 838
420 713
457 385
491 904
416 312
423 337
468 766
487 956
491 246
468 554
404 691
439 1000
440 797
490 647
