1000 743
102 458
649 230
456 659
200 763
223 659
232 777
755 426
389 231
799 631
209 314
276 407
218 314
457 362
785 978
582 261
478 155
899 641
176 209
604 589
527 789
148 342
457 149
196 102
373 141
367 932
540 812
582 998
694 955
426 907
384 249
541 332
556 289
816 138
704 797
189 363
278 766
867 982
503 377
495 469
504 238
802 376
985 278
391 959
752 705
576 231
739 121
872 824
489 691
296 443
304 522
700 379
101 877
769 513
411 631
838 364
151 315
287 340
574 618
730 922
625 125
400 525
472 639
114 721
699 588
939 765
955 376
349 207
475 459
696 145
136 963
122 487
523 202
776 713
228 928
123 985
652 290
255 470
632 399
776 953
656 187
673 923
640 405
289 110
670 770
996 444
381 423
345 581
479 375
797 861
856 711
111 817
618 260
971 309
771 664
771 376
262 114
306 612
609 435
703 137
796 275
501 182
808 967
329 463
208 193
415 909
853 755
961 672
276 774
251 938
863 713
146 820
593 565
333 634
506 683
387 484
943 722
384 271
831 125
152 113
126 291
869 229
790 663
193 761
345 884
504 677
449 355
712 648
605 893
927 185
267 225
606 215
409 703
850 196
178 827
837 723
212 923
977 796
886 606
131 566
767 439
324 192
252 756
570 931
193 615
394 940
987 676
190 777
844 620
751 842
600 732
296 768
613 117
261 610
574 926
827 217
631 516
952 968
807 693
935 455
225 663
844 352
207 260
577 715
251 888
253 465
338 994
289 560
678 808
740 656
832 683
184 228
935 741
904 574
687 259
140 644
576 598
783 971
234 261
622 265
624 262
649 803
905 870
420 925
273 617
670 353
922 478
898 220
146 220
211 555
770 656
761 356
874 908
995 164
904 653
618 633
779 294
387 456
783 244
166 700
397 411
695 624
518 546
131 681
693 622
858 255
845 911
624 427
590 487
874 731
502 658
271 294
804 703
798 334
124 155
672 739
160 672
839 711
203 262
266 692
464 759
331 968
984 912
872 312
841 273
325 169
619 385
375 176
729 195
106 669
173 692
627 188
856 288
588 508
729 176
420 703
218 251
392 577
926 403
182 419
748 252
543 266
397 446
189 1000
645 481
962 664
335 823
343 966
209 263
837 590
494 538
396 300
381 466
226 513
620 546
546 380
904 892
155 565
828 243
376 149
682 728
668 304
715 655
217 397
546 578
382 391
835 1000
242 525
971 523
551 874
139 743
814 120
485 254
403 951
253 402
942 710
622 586
534 386
880 501
709 947
389 420
117 502
142 208
126 596
420 263
360 111
900 944
390 252
827 409
894 160
617 655
182 987
450 962
652 599
141 694
887 182
354 741
451 238
696 505
582 338
138 135
949 467
551 813
573 107
805 760
540 137
299 704
539 659
225 661
736 367
156 629
150 516
198 674
838 849
992 782
134 570
146 537
811 360
888 735
948 466
731 368
434 354
229 460
263 313
442 397
481 248
742 707
116 156
715 107
972 280
948 573
566 632
218 653
549 561
879 952
510 842
951 871
193 265
519 451
726 626
347 310
892 128
635 943
731 876
181 783
399 123
434 443
593 515
115 863
666 204
207 674
830 742
359 429
757 424
692 533
581 404
793 865
923 431
988 374
597 276
582 567
919 854
209 869
562 560
629 317
139 574
427 877
329 947
157 445
441 521
399 290
445 472
564 277
315 844
165 483
326 453
987 577
248 796
494 376
701 474
582 365
316 131
408 143
311 199
222 312
727 354
864 895
262 891
965 969
611 766
752 295
445 921
102 625
405 954
125 747
392 763
431 313
784 328
345 559
175 365
980 755
747 196
992 560
140 855
841 939
667 750
794 699
279 120
464 424
794 792
192 354
612 266
900 224
327 404
502 951
310 682
373 256
741 471
822 616
829 325
282 859
205 395
203 708
777 494
990 447
221 518
988 414
500 668
878 601
805 270
400 248
560 700
870 595
614 145
427 588
738 969
201 382
402 352
827 652
558 685
639 993
722 659
565 137
673 513
542 509
302 404
966 520
672 934
336 563
342 471
916 233
610 291
380 917
868 593
455 177
936 909
482 278
208 694
371 126
787 127
726 692
885 837
596 916
911 485
875 983
988 927
245 553
927 333
756 148
530 171
687 811
153 346
437 658
559 827
263 453
824 895
605 641
138 653
937 499
132 225
815 388
843 363
650 515
156 397
808 746
968 652
347 832
573 169
752 836
498 595
644 491
530 469
618 864
499 773
720 263
617 678
930 493
278 496
332 207
170 649
757 518
698 503
422 643
682 874
384 989
661 661
424 169
892 970
823 492
909 838
858 883
632 248
478 276
222 922
111 813
460 476
460 704
761 254
423 206
308 740
474 121
718 676
840 288
655 790
347 350
687 956
801 647
881 138
612 214
154 718
301 976
612 677
845 323
801 964
602 749
249 572
402 489
352 258
698 210
245 267
965 354
866 242
254 746
268 657
937 432
805 241
252 781
337 500
708 246
316 863
843 704
317 372
599 479
781 899
190 731
957 483
641 516
226 216
518 592
138 625
774 446
600 522
451 682
476 122
341 264
552 917
710 600
356 864
767 542
770 770
106 424
827 456
797 926
891 894
696 630
621 725
425 391
830 400
747 440
900 261
503 178
229 381
455 640
243 781
643 554
846 981
875 261
923 521
121 464
594 634
375 573
768 968
671 414
231 585
177 741
532 837
692 928
869 608
689 407
582 806
281 749
776 532
893 625
530 327
886 101
307 521
704 274
197 570
165 621
330 181
120 758
805 923
660 152
815 353
475 232
707 221
601 242
975 903
165 654
727 160
651 948
246 837
911 127
497 384
465 652
548 956
936 371
239 411
177 691
185 808
680 604
657 488
162 901
838 722
517 149
832 481
374 787
220 510
124 976
868 503
245 797
112 509
281 569
471 201
871 490
153 738
941 796
327 206
426 979
598 610
717 472
880 757
685 950
711 831
347 319
191 788
658 295
697 950
381 493
743 517
626 552
679 401
665 699
549 963
832 105
156 224
916 270
811 360
666 511
347 811
273 168
193 377
913 384
816 698
857 149
865 943
179 707
997 790
983 632
710 300
218 370
618 118
507 322
806 788
407 564
974 849
131 476
898 477
989 285
305 155
997 693
936 744
689 548
217 851
599 408
295 503
293 909
780 396
334 396
423 157
230 848
232 119
924 974
127 197
859 575
180 611
116 212
954 407
144 546
154 879
613 526
414 342
825 796
608 670
679 982
123 391
799 623
911 187
470 610
199 211
422 515
671 207
255 640
817 685
784 765
293 992
676 230
823 474
630 165
711 988
376 155
948 824
229 118
833 100
102 704
820 487
399 743
643 812
389 546
813 539
742 827
918 931
634 558
415 781
969 476
686 195
523 251
187 432
522 642
326 845
708 652
844 216
103 410
760 149
541 260
432 637
698 209
100 528
629 992
781 453
791 447
356 344
662 389
185 206
650 944
915 473
938 338
554 731
243 546
553 243
812 573
598 935
201 831
839 675
810 778
200 438
753 564
772 704
477 693
608 115
539 296
494 631
642 644
987 568
617 464
787 428
137 303
960 858
293 670
801 342
378 499
830 954
221 468
376 767
668 665
114 887
931 969
720 745
115 503
802 536
841 952
352 928
406 426
981 150
507 632
977 528
539 739
622 807
820 788
533 477
157 176
296 940
257 674
135 891
809 149
476 199
400 509
719 976
984 429
882 913
957 304
872 212
526 330
708 470
837 257
291 338
435 273
134 849
817 932
585 341
802 937
173 895
947 197
323 812
895 393
882 899
828 120
442 782
408 970
789 802
549 187
237 619
990 551
165 481
923 912
679 745
612 477
406 929
235 340
447 142
122 499
377 178
496 858
434 183
165 611
256 818
248 379
377 296
714 843
172 156
915 598
247 317
791 146
726 147
245 233
205 866
898 701
697 984
277 858
104 772
316 122
588 529
686 921
290 985
890 174
267 956
276 327
858 504
818 429
767 806
589 131
884 176
517 135
990 660
599 951
639 776
837 964
638 646
846 987
319 505
585 132
195 297
801 233
528 713
195 626
236 405
313 312
521 457
258 596
309 372
159 465
940 1000
457 347
603 583
321 388
745 966
744 279
897 644
483 178
453 341
657 147
852 651
880 449
728 126
558 710
573 583
501 785
907 539
623 597
339 977
521 256
323 362
222 982
645 506
807 108
187 335
505 581
842 577
275 420
714 501
632 710
517 594
215 872
664 975
570 744
735 908
675 799
725 409
755 519
206 727
817 654
669 380
895 705
815 951
938 121
133 456
751 402
918 232
560 697
527 519
329 163
236 819
146 147
798 817
590 800
279 628
895 106
359 221
721 180
404 755
870 873
677 218
105 810
312 341
507 481
660 322
620 305
736 397
353 918
465 732
754 410
115 927
785 732
290 948
347 218
588 994
385 905
467 333
892 445
959 614
650 887
130 848
882 732
868 237
955 384
350 695
123 993
992 135
677 688
662 941
176 700
937 991
293 596
117 625
165 850
738 169
971 860
569 711
108 102
969 703
450 406
