449 50
253 449
586 115
427 909
743 270
248 952
579 198
597 160
845 326
607 486
946 491
197 634
759 380
651 281
465 803
227 343
806 264
214 237
469 241
137 574
555 151
170 188
216 128
491 147
786 868
382 701
229 941
876 169
147 575
800 301
508 115
298 219
986 439
293 953
889 966
843 395
537 110
739 250
452 872
348 442
577 990
895 941
712 244
184 853
837 161
971 226
229 400
179 654
638 113
144 493
292 588
786 414
979 739
422 372
857 627
248 858
215 270
552 206
753 856
750 617
370 332
590 888
884 847
331 789
433 277
411 529
569 209
390 603
530 230
454 178
770 903
161 253
201 832
696 758
130 870
795 320
190 499
642 371
448 825
145 600
394 445
765 459
487 747
594 577
823 573
517 709
107 318
706 286
424 896
882 976
972 566
485 982
943 659
728 351
102 488
478 717
647 188
679 523
282 956
726 820
258 356
684 976
502 737
945 183
692 137
175 315
629 358
602 552
507 389
538 837
146 796
149 510
549 758
911 602
113 297
449 151
486 119
386 311
906 501
724 861
872 255
710 627
574 444
154 636
659 667
152 977
479 872
492 259
394 491
434 995
555 488
764 136
738 151
565 451
314 584
131 774
251 108
268 184
508 200
162 428
429 710
925 128
702 532
353 862
730 375
648 948
985 458
797 877
580 711
832 279
999 686
235 448
722 752
698 935
705 740
954 120
245 890
510 157
763 450
149 146
327 376
733 534
456 851
641 365
648 396
812 142
580 567
150 586
807 130
951 768
577 481
245 867
586 508
818 505
595 983
773 357
909 182
974 673
269 145
402 211
785 715
200 184
979 821
847 230
847 110
379 672
915 390
836 228
313 971
228 159
638 816
961 857
628 885
642 743
218 208
221 599
600 976
767 511
200 449
837 923
356 920
616 240
509 618
224 727
903 149
663 580
777 427
388 976
433 374
589 134
605 281
968 895
676 898
105 181
326 680
231 431
462 921
877 514
945 487
537 290
472 726
107 131
326 834
286 843
766 492
468 410
240 268
391 551
532 270
944 634
186 268
100 700
498 728
813 346
191 946
963 202
219 692
482 552
105 962
551 729
878 531
697 966
330 181
583 959
477 758
563 520
260 108
142 164
532 501
179 958
397 639
760 712
586 385
794 783
546 329
684 579
445 275
199 660
593 979
705 334
546 557
420 159
364 678
905 266
910 796
126 272
546 698
271 369
839 627
621 954
621 281
312 365
463 558
523 386
928 497
482 739
934 397
888 897
173 804
452 947
548 939
341 164
808 146
239 595
653 152
201 205
283 913
663 135
301 632
676 837
234 580
238 112
804 398
379 431
310 956
108 836
629 464
814 141
482 520
199 624
887 268
917 243
544 932
342 200
304 516
669 481
658 703
247 201
105 692
148 906
292 789
433 578
402 535
459 959
125 165
654 884
286 495
994 134
594 553
487 632
792 556
192 389
473 266
355 863
440 947
411 869
128 121
856 491
228 237
328 817
595 933
579 484
225 833
579 271
861 712
970 867
808 905
947 375
463 734
461 918
291 353
863 256
164 298
927 205
845 576
687 424
963 200
788 480
142 106
350 791
632 983
182 967
153 648
411 274
391 352
130 565
137 165
742 189
846 998
126 288
270 196
877 817
952 918
313 769
110 268
858 153
992 934
388 835
961 756
358 346
949 341
408 518
928 953
514 423
846 599
229 670
678 315
325 667
218 292
969 525
947 160
904 654
405 339
467 903
933 945
361 785
336 614
409 818
882 727
587 927
930 645
653 886
570 995
767 496
864 190
803 809
411 462
823 159
518 747
875 426
491 833
784 916
808 648
304 813
352 637
972 181
483 302
292 475
680 697
281 954
640 281
539 727
263 379
385 619
495 820
563 535
256 975
487 393
331 337
293 398
818 756
491 255
456 323
565 490
509 808
421 171
581 935
625 823
733 248
681 203
451 700
213 829
246 724
783 828
850 721
303 127
288 548
130 952
134 280
533 513
777 606
985 757
332 745
784 437
989 547
197 510
664 335
671 357
365 252
868 149
